{"producer":{"name":"Blender","version":"2.92.0","exporter_version":"2.80.1","file":"untitled.babylon"},
"autoClear":true,"clearColor":[0.0509,0.0509,0.0509],"gravity":[0,-9.81,0],
"materials":[{"name":"Ch45_Body.001","id":"Ch45_Body.001","customType":"BABYLON.PBRMaterial","backFaceCulling":true,"checkReadyOnlyOnce":false,"maxSimultaneousLights":4,"environmentIntensity":1,"roughness":1,"alpha":1,"transparencyMode":0,"alphaCutOff":0.4,"metallic":0.5, 
"albedoTexture":{"name":"Ch45_1001_Diffuse.png","level":1,"hasAlpha":true,"coordinatesMode":0,"uOffset":0,"vOffset":0,"uScale":1,"vScale":1,"uAng":0,"vAng":0,"wAng":0,"wrapU":1,"wrapV":1,"coordinatesIndex":0},"useAlphaFromAlbedoTexture":true, 
"reflectivityTexture":{"name":"Ch45_1001_Specular.png","level":1,"hasAlpha":true,"coordinatesMode":0,"uOffset":0,"vOffset":0,"uScale":1,"vScale":1,"uAng":0,"vAng":0,"wAng":0,"wrapU":1,"wrapV":1,"coordinatesIndex":0}, 
"bumpTexture":{"name":"Ch45_1001_Normal.png","level":1,"hasAlpha":true,"coordinatesMode":0,"uOffset":0,"vOffset":0,"uScale":1,"vScale":1,"uAng":0,"vAng":0,"wAng":0,"wrapU":1,"wrapV":1,"coordinatesIndex":0}, 
"metallicTexture":{"name":"Ch45_1001_Glossiness.png","level":1,"hasAlpha":true,"coordinatesMode":0,"uOffset":0,"vOffset":0,"uScale":1,"vScale":1,"uAng":0,"vAng":0,"wAng":0,"wrapU":1,"wrapV":1,"coordinatesIndex":0},"useMetallnessFromMetallicTextureBlue":false,"useRoughnessFromMetallicTextureGreen":true,"useAmbientOcclusionFromMetallicTextureRed":false,"useRoughnessFromMetallicTextureAlpha":false}],
"multiMaterials":[],
"skeletons":[{"name":"Armature","id":0,"dimensionsAtRest":[181.5954,24.8531,205.0171],"bones":[
{"name":"mixamorig1:Hips","index":0,"matrix":[0.0098,-0.0003,-0.0018,0,0.0001,0.0099,-0.0013,0,-0.0018,-0.0013,-0.0098,0,-0.0021,0.9062,0.0018,1],"rest":[0.01,0,0,0,0,0.01,0,0,0,0,-0.01,0,0,0.9888,0.0044,1],"parentBoneIndex":-1,"length":11.8244
,"animation":{"dataType":3,"framePerSecond":30,"keys":[
{"frame":1,"values":[0.0098,-0.0003,-0.0018,0,0.0001,0.0099,-0.0013,0,-0.0018,-0.0013,-0.0098,0,-0.0021,0.9062,0.0018,1]},
{"frame":2,"values":[0.0098,-0.0002,-0.0018,0,0,0.0099,-0.0015,0,-0.0018,-0.0015,-0.0097,0,-0.0017,0.9229,-0.0785,1]},
{"frame":3,"values":[0.0099,-0.0001,-0.0017,0,-0.0002,0.0098,-0.0017,0,-0.0017,-0.0017,-0.0097,0,-0.001,0.9465,-0.1615,1]},
{"frame":4,"values":[0.0099,0,-0.0015,0,-0.0003,0.0098,-0.0019,0,-0.0015,-0.0019,-0.0097,0,-0.0003,0.9708,-0.2461,1]},
{"frame":5,"values":[0.0099,0.0001,-0.0013,0,-0.0003,0.0098,-0.0018,0,-0.0012,-0.0018,-0.0098,0,0.0002,0.9871,-0.3337,1]},
{"frame":6,"values":[0.01,0,-0.001,0,-0.0002,0.0099,-0.0016,0,-0.0009,-0.0016,-0.0098,0,0.0004,0.9899,-0.4247,1]},
{"frame":7,"values":[0.01,-0.0001,-0.0006,0,0,0.0099,-0.0014,0,-0.0006,-0.0014,-0.0099,0,0.0017,0.9817,-0.5167,1]},
{"frame":8,"values":[0.01,0,-0.0002,0,-0.0001,0.0099,-0.0011,0,-0.0002,-0.0011,-0.0099,0,0.0044,0.9683,-0.6051,1]},
{"frame":9,"values":[0.01,0.0003,0.0004,0,-0.0002,0.0099,-0.001,0,0.0004,-0.001,-0.0099,0,0.008,0.9532,-0.6896,1]},
{"frame":10,"values":[0.0099,0.0006,0.001,0,-0.0005,0.0099,-0.0013,0,0.0011,-0.0012,-0.0099,0,0.0097,0.9358,-0.7725,1]},
{"frame":11,"values":[0.0098,0.0008,0.0016,0,-0.0005,0.0098,-0.0017,0,0.0017,-0.0016,-0.0097,0,0.0092,0.919,-0.8534,1]},
{"frame":12,"values":[0.0098,0.0008,0.0019,0,-0.0003,0.0098,-0.0021,0,0.0021,-0.002,-0.0096,0,0.0071,0.9094,-0.933,1]},
{"frame":13,"values":[0.0098,0.0007,0.0021,0,-0.0001,0.0097,-0.0025,0,0.0022,-0.0024,-0.0095,0,0.0049,0.9122,-1.0131,1]},
{"frame":14,"values":[0.0098,0.0005,0.002,0,0,0.0096,-0.0027,0,0.0021,-0.0026,-0.0094,0,0.0041,0.9261,-1.0952,1]},
{"frame":15,"values":[0.0098,0.0003,0.0018,0,0.0002,0.0096,-0.0028,0,0.0018,-0.0028,-0.0094,0,0.0045,0.944,-1.1789,1]},
{"frame":16,"values":[0.0099,0,0.0015,0,0.0005,0.0096,-0.0029,0,0.0014,-0.0029,-0.0095,0,0.0057,0.9603,-1.2627,1]},
{"frame":17,"values":[0.0099,-0.0002,0.0012,0,0.0005,0.0096,-0.0029,0,0.0011,-0.0029,-0.0095,0,0.0066,0.9714,-1.3482,1]},
{"frame":18,"values":[0.01,-0.0001,0.0009,0,0.0004,0.0096,-0.0029,0,0.0008,-0.0029,-0.0095,0,0.0068,0.9757,-1.4384,1]},
{"frame":19,"values":[0.01,0.0001,0.0007,0,0.0001,0.0096,-0.0027,0,0.0007,-0.0028,-0.0096,0,0.0063,0.9703,-1.533,1]},
{"frame":20,"values":[0.01,0.0001,0.0004,0,0,0.0097,-0.0026,0,0.0004,-0.0026,-0.0097,0,0.0056,0.9583,-1.6264,1]},
{"frame":21,"values":[0.01,0,0.0001,0,0,0.0097,-0.0023,0,0.0001,-0.0023,-0.0097,0,0.0042,0.9438,-1.7139,1]},
{"frame":22,"values":[0.01,-0.0002,-0.0004,0,0.0001,0.0098,-0.0019,0,-0.0004,-0.0019,-0.0098,0,0.0026,0.925,-1.7972,1]},
{"frame":23,"values":[0.01,-0.0003,-0.0008,0,0.0002,0.0099,-0.0016,0,-0.0009,-0.0016,-0.0098,0,0.0009,0.9117,-1.8771,1]},
{"frame":24,"values":[0.0099,-0.0004,-0.0012,0,0.0002,0.0099,-0.0015,0,-0.0012,-0.0014,-0.0098,0,-0.0009,0.9066,-1.9556,1]},
{"frame":25,"values":[0.0099,-0.0004,-0.0015,0,0.0002,0.0099,-0.0014,0,-0.0015,-0.0013,-0.0098,0,-0.0023,0.9053,-2.0348,1]},
{"frame":26,"values":[0.0098,-0.0003,-0.0018,0,0.0001,0.0099,-0.0013,0,-0.0018,-0.0013,-0.0098,0,-0.0021,0.9062,-2.1176,1]},
{"frame":41,"values":[0.0098,-0.0003,-0.0018,0,0.0001,0.0099,-0.0013,0,-0.0018,-0.0013,-0.0098,0,-0.0021,0.9062,0.0018,1]},
{"frame":42,"values":[0.0098,-0.0002,-0.0018,0,0,0.0099,-0.0015,0,-0.0018,-0.0015,-0.0097,0,-0.0017,0.9229,-0.0785,1]},
{"frame":43,"values":[0.0099,-0.0001,-0.0017,0,-0.0002,0.0098,-0.0017,0,-0.0017,-0.0017,-0.0097,0,-0.001,0.9465,-0.1615,1]},
{"frame":44,"values":[0.0099,0,-0.0015,0,-0.0003,0.0098,-0.0019,0,-0.0015,-0.0019,-0.0097,0,-0.0003,0.9708,-0.2461,1]},
{"frame":45,"values":[0.0099,0.0001,-0.0013,0,-0.0003,0.0098,-0.0018,0,-0.0012,-0.0018,-0.0098,0,0.0002,0.9871,-0.3337,1]},
{"frame":46,"values":[0.01,0,-0.001,0,-0.0002,0.0099,-0.0016,0,-0.0009,-0.0016,-0.0098,0,0.0004,0.9899,-0.4247,1]},
{"frame":47,"values":[0.01,-0.0001,-0.0006,0,0,0.0099,-0.0014,0,-0.0006,-0.0014,-0.0099,0,0.0017,0.9817,-0.5167,1]},
{"frame":48,"values":[0.01,0,-0.0002,0,-0.0001,0.0099,-0.0011,0,-0.0002,-0.0011,-0.0099,0,0.0044,0.9683,-0.6051,1]},
{"frame":49,"values":[0.01,0.0003,0.0004,0,-0.0002,0.0099,-0.001,0,0.0004,-0.001,-0.0099,0,0.008,0.9532,-0.6896,1]},
{"frame":50,"values":[0.0099,0.0006,0.001,0,-0.0005,0.0099,-0.0013,0,0.0011,-0.0012,-0.0099,0,0.0097,0.9358,-0.7725,1]},
{"frame":51,"values":[0.0098,0.0008,0.0016,0,-0.0005,0.0098,-0.0017,0,0.0017,-0.0016,-0.0097,0,0.0092,0.919,-0.8534,1]},
{"frame":52,"values":[0.0098,0.0008,0.0019,0,-0.0003,0.0098,-0.0021,0,0.0021,-0.002,-0.0096,0,0.0071,0.9094,-0.933,1]},
{"frame":53,"values":[0.0098,0.0007,0.0021,0,-0.0001,0.0097,-0.0025,0,0.0022,-0.0024,-0.0095,0,0.0049,0.9122,-1.0131,1]},
{"frame":54,"values":[0.0098,0.0005,0.002,0,0,0.0096,-0.0027,0,0.0021,-0.0026,-0.0094,0,0.0041,0.9261,-1.0952,1]},
{"frame":55,"values":[0.0098,0.0003,0.0018,0,0.0002,0.0096,-0.0028,0,0.0018,-0.0028,-0.0094,0,0.0045,0.944,-1.1789,1]},
{"frame":56,"values":[0.0099,0,0.0015,0,0.0005,0.0096,-0.0029,0,0.0014,-0.0029,-0.0095,0,0.0057,0.9603,-1.2627,1]},
{"frame":57,"values":[0.0099,-0.0002,0.0012,0,0.0005,0.0096,-0.0029,0,0.0011,-0.0029,-0.0095,0,0.0066,0.9714,-1.3482,1]},
{"frame":58,"values":[0.01,-0.0001,0.0009,0,0.0004,0.0096,-0.0029,0,0.0008,-0.0029,-0.0095,0,0.0068,0.9757,-1.4384,1]},
{"frame":59,"values":[0.01,0.0001,0.0007,0,0.0001,0.0096,-0.0027,0,0.0007,-0.0028,-0.0096,0,0.0063,0.9703,-1.533,1]},
{"frame":60,"values":[0.01,0.0001,0.0004,0,0,0.0097,-0.0026,0,0.0004,-0.0026,-0.0097,0,0.0056,0.9583,-1.6264,1]},
{"frame":61,"values":[0.01,0,0.0001,0,0,0.0097,-0.0023,0,0.0001,-0.0023,-0.0097,0,0.0042,0.9438,-1.7139,1]},
{"frame":62,"values":[0.01,-0.0002,-0.0004,0,0.0001,0.0098,-0.0019,0,-0.0004,-0.0019,-0.0098,0,0.0026,0.925,-1.7972,1]},
{"frame":63,"values":[0.01,-0.0003,-0.0008,0,0.0002,0.0099,-0.0016,0,-0.0009,-0.0016,-0.0098,0,0.0009,0.9117,-1.8771,1]},
{"frame":64,"values":[0.0099,-0.0004,-0.0012,0,0.0002,0.0099,-0.0015,0,-0.0012,-0.0014,-0.0098,0,-0.0009,0.9066,-1.9556,1]},
{"frame":65,"values":[0.0099,-0.0004,-0.0015,0,0.0002,0.0099,-0.0014,0,-0.0015,-0.0013,-0.0098,0,-0.0023,0.9053,-2.0348,1]},
{"frame":66,"values":[0.0098,-0.0003,-0.0018,0,0.0001,0.0099,-0.0013,0,-0.0018,-0.0013,-0.0098,0,-0.0021,0.9062,-2.1176,1]}],"loopBehavior":1,"name":"anim","property":"_matrix"}},
{"name":"mixamorig1:Spine","index":1,"matrix":[0.9983,0.0386,-0.0443,0,-0.0387,0.9992,-0.0014,0,0.0443,0.0032,0.999,0,0,11.233,-0.9737,1],"rest":[1,0,0,0,0,0.9963,-0.0864,0,0,0.0864,0.9963,0,0,11.233,-0.9737,1],"parentBoneIndex":0,"length":13.1543
,"animation":{"dataType":3,"framePerSecond":30,"keys":[
{"frame":1,"values":[0.9983,0.0386,-0.0443,0,-0.0387,0.9992,-0.0014,0,0.0443,0.0032,0.999,0,0,11.233,-0.9737,1]},
{"frame":2,"values":[0.9985,0.0295,-0.0463,0,-0.0299,0.9995,-0.0068,0,0.0461,0.0082,0.9989,0,0,11.233,-0.9737,1]},
{"frame":3,"values":[0.9986,0.0225,-0.0469,0,-0.0237,0.9994,-0.0247,0,0.0463,0.0257,0.9986,0,0,11.233,-0.9737,1]},
{"frame":4,"values":[0.9988,0.0163,-0.0468,0,-0.0183,0.9989,-0.0432,0,0.0461,0.044,0.998,0,0,11.233,-0.9737,1]},
{"frame":5,"values":[0.9988,0.0158,-0.0455,0,-0.0178,0.9989,-0.0434,0,0.0447,0.0442,0.998,0,0,11.233,-0.9737,1]},
{"frame":6,"values":[0.9989,0.0209,-0.0426,0,-0.0227,0.9988,-0.0428,0,0.0416,0.0437,0.9982,0,0,11.233,-0.9737,1]},
{"frame":7,"values":[0.999,0.0268,-0.0363,0,-0.0282,0.9988,-0.0396,0,0.0352,0.0405,0.9986,0,0,11.233,-0.9737,1]},
{"frame":8,"values":[0.9994,0.0255,-0.0252,0,-0.0264,0.999,-0.0359,0,0.0243,0.0366,0.999,0,0,11.233,-0.9737,1]},
{"frame":9,"values":[0.9998,0.0168,-0.0099,0,-0.0171,0.9992,-0.0354,0,0.0093,0.0355,0.9993,0,0,11.233,-0.9737,1]},
{"frame":10,"values":[1,0.0003,0.0061,0,0,0.999,-0.0448,0,-0.0061,0.0448,0.999,0,0,11.233,-0.9737,1]},
{"frame":11,"values":[0.9998,0.0026,0.0217,0,-0.0013,0.9983,-0.0579,0,-0.0218,0.0579,0.9981,0,0,11.233,-0.9737,1]},
{"frame":12,"values":[0.9993,0.0186,0.0325,0,-0.016,0.9968,-0.0781,0,-0.0338,0.0775,0.9964,0,0,11.233,-0.9737,1]},
{"frame":13,"values":[0.9987,0.0334,0.0374,0,-0.0299,0.9953,-0.092,0,-0.0403,0.0907,0.9951,0,0,11.233,-0.9737,1]},
{"frame":14,"values":[0.9983,0.0435,0.0381,0,-0.0394,0.9941,-0.1006,0,-0.0423,0.0989,0.9942,0,0,11.233,-0.9737,1]},
{"frame":15,"values":[0.9976,0.0591,0.0366,0,-0.0548,0.9925,-0.1089,0,-0.0428,0.1066,0.9934,0,0,11.233,-0.9737,1]},
{"frame":16,"values":[0.9962,0.0793,0.0353,0,-0.075,0.9909,-0.1115,0,-0.0438,0.1084,0.9931,0,0,11.233,-0.9737,1]},
{"frame":17,"values":[0.9952,0.0909,0.0348,0,-0.0865,0.9899,-0.1124,0,-0.0447,0.1089,0.9931,0,0,11.233,-0.9737,1]},
{"frame":18,"values":[0.9956,0.0867,0.035,0,-0.0821,0.99,-0.1151,0,-0.0446,0.1117,0.9927,0,0,11.233,-0.9737,1]},
{"frame":19,"values":[0.9967,0.0733,0.0334,0,-0.0688,0.9904,-0.1202,0,-0.0419,0.1175,0.9922,0,0,11.233,-0.9737,1]},
{"frame":20,"values":[0.9973,0.0681,0.0269,0,-0.0645,0.9908,-0.119,0,-0.0348,0.1169,0.9925,0,0,11.233,-0.9737,1]},
{"frame":21,"values":[0.9972,0.0725,0.0155,0,-0.0706,0.9923,-0.1018,0,-0.0228,0.1004,0.9947,0,0,11.233,-0.9737,1]},
{"frame":22,"values":[0.9971,0.076,0.0019,0,-0.0757,0.9946,-0.0708,0,-0.0072,0.0704,0.9975,0,0,11.233,-0.9737,1]},
{"frame":23,"values":[0.9974,0.0711,-0.0118,0,-0.0716,0.9965,-0.0421,0,0.0088,0.0429,0.999,0,0,11.233,-0.9737,1]},
{"frame":24,"values":[0.9979,0.0607,-0.0242,0,-0.0613,0.9979,-0.023,0,0.0228,0.0244,0.9994,0,0,11.233,-0.9737,1]},
{"frame":25,"values":[0.9982,0.0483,-0.0352,0,-0.0487,0.9988,-0.0088,0,0.0347,0.0105,0.9993,0,0,11.233,-0.9737,1]},
{"frame":26,"values":[0.9983,0.038,-0.0444,0,-0.0381,0.9993,-0.0022,0,0.0443,0.0039,0.999,0,0,11.233,-0.9737,1]},
{"frame":41,"values":[0.9983,0.0386,-0.0443,0,-0.0387,0.9992,-0.0014,0,0.0443,0.0032,0.999,0,0,11.233,-0.9737,1]},
{"frame":42,"values":[0.9985,0.0295,-0.0463,0,-0.0299,0.9995,-0.0068,0,0.0461,0.0082,0.9989,0,0,11.233,-0.9737,1]},
{"frame":43,"values":[0.9986,0.0225,-0.0469,0,-0.0237,0.9994,-0.0247,0,0.0463,0.0257,0.9986,0,0,11.233,-0.9737,1]},
{"frame":44,"values":[0.9988,0.0163,-0.0468,0,-0.0183,0.9989,-0.0432,0,0.0461,0.044,0.998,0,0,11.233,-0.9737,1]},
{"frame":45,"values":[0.9988,0.0158,-0.0455,0,-0.0178,0.9989,-0.0434,0,0.0447,0.0442,0.998,0,0,11.233,-0.9737,1]},
{"frame":46,"values":[0.9989,0.0209,-0.0426,0,-0.0227,0.9988,-0.0428,0,0.0416,0.0437,0.9982,0,0,11.233,-0.9737,1]},
{"frame":47,"values":[0.999,0.0268,-0.0363,0,-0.0282,0.9988,-0.0396,0,0.0352,0.0405,0.9986,0,0,11.233,-0.9737,1]},
{"frame":48,"values":[0.9994,0.0255,-0.0252,0,-0.0264,0.999,-0.0359,0,0.0243,0.0366,0.999,0,0,11.233,-0.9737,1]},
{"frame":49,"values":[0.9998,0.0168,-0.0099,0,-0.0171,0.9992,-0.0354,0,0.0093,0.0355,0.9993,0,0,11.233,-0.9737,1]},
{"frame":50,"values":[1,0.0003,0.0061,0,0,0.999,-0.0448,0,-0.0061,0.0448,0.999,0,0,11.233,-0.9737,1]},
{"frame":51,"values":[0.9998,0.0026,0.0217,0,-0.0013,0.9983,-0.0579,0,-0.0218,0.0579,0.9981,0,0,11.233,-0.9737,1]},
{"frame":52,"values":[0.9993,0.0186,0.0325,0,-0.016,0.9968,-0.0781,0,-0.0338,0.0775,0.9964,0,0,11.233,-0.9737,1]},
{"frame":53,"values":[0.9987,0.0334,0.0374,0,-0.0299,0.9953,-0.092,0,-0.0403,0.0907,0.9951,0,0,11.233,-0.9737,1]},
{"frame":54,"values":[0.9983,0.0435,0.0381,0,-0.0394,0.9941,-0.1006,0,-0.0423,0.0989,0.9942,0,0,11.233,-0.9737,1]},
{"frame":55,"values":[0.9976,0.0591,0.0366,0,-0.0548,0.9925,-0.1089,0,-0.0428,0.1066,0.9934,0,0,11.233,-0.9737,1]},
{"frame":56,"values":[0.9962,0.0793,0.0353,0,-0.075,0.9909,-0.1115,0,-0.0438,0.1084,0.9931,0,0,11.233,-0.9737,1]},
{"frame":57,"values":[0.9952,0.0909,0.0348,0,-0.0865,0.9899,-0.1124,0,-0.0447,0.1089,0.9931,0,0,11.233,-0.9737,1]},
{"frame":58,"values":[0.9956,0.0867,0.035,0,-0.0821,0.99,-0.1151,0,-0.0446,0.1117,0.9927,0,0,11.233,-0.9737,1]},
{"frame":59,"values":[0.9967,0.0733,0.0334,0,-0.0688,0.9904,-0.1202,0,-0.0419,0.1175,0.9922,0,0,11.233,-0.9737,1]},
{"frame":60,"values":[0.9973,0.0681,0.0269,0,-0.0645,0.9908,-0.119,0,-0.0348,0.1169,0.9925,0,0,11.233,-0.9737,1]},
{"frame":61,"values":[0.9972,0.0725,0.0155,0,-0.0706,0.9923,-0.1018,0,-0.0228,0.1004,0.9947,0,0,11.233,-0.9737,1]},
{"frame":62,"values":[0.9971,0.076,0.0019,0,-0.0757,0.9946,-0.0708,0,-0.0072,0.0704,0.9975,0,0,11.233,-0.9737,1]},
{"frame":63,"values":[0.9974,0.0711,-0.0118,0,-0.0716,0.9965,-0.0421,0,0.0088,0.0429,0.999,0,0,11.233,-0.9737,1]},
{"frame":64,"values":[0.9979,0.0607,-0.0242,0,-0.0613,0.9979,-0.023,0,0.0228,0.0244,0.9994,0,0,11.233,-0.9737,1]},
{"frame":65,"values":[0.9982,0.0483,-0.0352,0,-0.0487,0.9988,-0.0088,0,0.0347,0.0105,0.9993,0,0,11.233,-0.9737,1]},
{"frame":66,"values":[0.9983,0.038,-0.0444,0,-0.0381,0.9993,-0.0022,0,0.0443,0.0039,0.999,0,0,11.233,-0.9737,1]}],"loopBehavior":1,"name":"anim","property":"_matrix"}},
{"name":"mixamorig1:Spine1","index":2,"matrix":[0.9965,-0.0063,-0.0835,0,0.0129,0.9968,0.0787,0,0.0827,-0.0795,0.9934,0,0,13.1543,0,1],"rest":[1,0,0,0,0,1,0,0,0,0,1,0,0,13.1543,0,1],"parentBoneIndex":1,"length":15.0335
,"animation":{"dataType":3,"framePerSecond":30,"keys":[
{"frame":1,"values":[0.9965,-0.0063,-0.0835,0,0.0129,0.9968,0.0787,0,0.0827,-0.0795,0.9934,0,0,13.1543,0,1]},
{"frame":2,"values":[0.9946,-0.0154,-0.1027,0,0.0223,0.9976,0.0662,0,0.1015,-0.0682,0.9925,0,0,13.1543,0,1]},
{"frame":3,"values":[0.9928,-0.0272,-0.117,0,0.0329,0.9984,0.0463,0,0.1156,-0.0498,0.992,0,0,13.1543,0,1]},
{"frame":4,"values":[0.9913,-0.0393,-0.126,0,0.0436,0.9985,0.0319,0,0.1245,-0.0372,0.9915,0,0,13.1543,0,1]},
{"frame":5,"values":[0.9906,-0.0462,-0.1285,0,0.0507,0.9982,0.0318,0,0.1268,-0.0381,0.9912,0,0,13.1543,0,1]},
{"frame":6,"values":[0.9909,-0.0504,-0.1244,0,0.0554,0.9978,0.0371,0,0.1223,-0.0437,0.9915,0,0,13.1543,0,1]},
{"frame":7,"values":[0.9922,-0.0524,-0.1129,0,0.0579,0.9972,0.0466,0,0.1102,-0.0527,0.9925,0,0,13.1543,0,1]},
{"frame":8,"values":[0.9941,-0.0546,-0.0936,0,0.0601,0.9965,0.0575,0,0.0901,-0.0628,0.994,0,0,13.1543,0,1]},
{"frame":9,"values":[0.996,-0.0598,-0.0668,0,0.0641,0.9959,0.0645,0,0.0627,-0.0685,0.9957,0,0,13.1543,0,1]},
{"frame":10,"values":[0.9964,-0.0767,-0.0358,0,0.0789,0.9948,0.0643,0,0.0307,-0.0669,0.9973,0,0,13.1543,0,1]},
{"frame":11,"values":[0.9965,-0.0837,-0.0026,0,0.0837,0.9946,0.0616,0,-0.0026,-0.0616,0.9981,0,0,13.1543,0,1]},
{"frame":12,"values":[0.9964,-0.0801,0.0281,0,0.0786,0.9956,0.0505,0,-0.0321,-0.0481,0.9983,0,0,13.1543,0,1]},
{"frame":13,"values":[0.9959,-0.0736,0.0521,0,0.0716,0.9967,0.0389,0,-0.0548,-0.035,0.9979,0,0,13.1543,0,1]},
{"frame":14,"values":[0.9955,-0.0656,0.0687,0,0.0639,0.9976,0.0265,0,-0.0703,-0.022,0.9973,0,0,13.1543,0,1]},
{"frame":15,"values":[0.9955,-0.051,0.0802,0,0.0501,0.9987,0.012,0,-0.0807,-0.0079,0.9967,0,0,13.1543,0,1]},
{"frame":16,"values":[0.9956,-0.0317,0.088,0,0.0317,0.9995,0.0018,0,-0.088,0.001,0.9961,0,0,13.1543,0,1]},
{"frame":17,"values":[0.9955,-0.0183,0.0928,0,0.0189,0.9998,-0.0055,0,-0.0926,0.0072,0.9957,0,0,13.1543,0,1]},
{"frame":18,"values":[0.9954,-0.0161,0.094,0,0.0172,0.9998,-0.0108,0,-0.0938,0.0124,0.9955,0,0,13.1543,0,1]},
{"frame":19,"values":[0.9957,-0.0202,0.0903,0,0.0216,0.9997,-0.0146,0,-0.09,0.0165,0.9958,0,0,13.1543,0,1]},
{"frame":20,"values":[0.9966,-0.02,0.0799,0,0.021,0.9997,-0.0117,0,-0.0797,0.0133,0.9967,0,0,13.1543,0,1]},
{"frame":21,"values":[0.998,-0.0169,0.0614,0,0.0167,0.9999,0.0027,0,-0.0614,-0.0017,0.9981,0,0,13.1543,0,1]},
{"frame":22,"values":[0.9993,-0.0135,0.0356,0,0.0126,0.9996,0.0255,0,-0.0359,-0.025,0.999,0,0,13.1543,0,1]},
{"frame":23,"values":[0.9999,-0.0122,0.0055,0,0.0119,0.9988,0.047,0,-0.0061,-0.0469,0.9989,0,0,13.1543,0,1]},
{"frame":24,"values":[0.9996,-0.0112,-0.0255,0,0.0128,0.998,0.0626,0,0.0248,-0.0629,0.9977,0,0,13.1543,0,1]},
{"frame":25,"values":[0.9984,-0.0097,-0.0557,0,0.0138,0.9972,0.0739,0,0.0549,-0.0746,0.9957,0,0,13.1543,0,1]},
{"frame":26,"values":[0.9965,-0.0067,-0.0836,0,0.0133,0.9969,0.0781,0,0.0828,-0.079,0.9934,0,0,13.1543,0,1]},
{"frame":41,"values":[0.9965,-0.0063,-0.0835,0,0.0129,0.9968,0.0787,0,0.0827,-0.0795,0.9934,0,0,13.1543,0,1]},
{"frame":42,"values":[0.9946,-0.0154,-0.1027,0,0.0223,0.9976,0.0662,0,0.1015,-0.0682,0.9925,0,0,13.1543,0,1]},
{"frame":43,"values":[0.9928,-0.0272,-0.117,0,0.0329,0.9984,0.0463,0,0.1156,-0.0498,0.992,0,0,13.1543,0,1]},
{"frame":44,"values":[0.9913,-0.0393,-0.126,0,0.0436,0.9985,0.0319,0,0.1245,-0.0372,0.9915,0,0,13.1543,0,1]},
{"frame":45,"values":[0.9906,-0.0462,-0.1285,0,0.0507,0.9982,0.0318,0,0.1268,-0.0381,0.9912,0,0,13.1543,0,1]},
{"frame":46,"values":[0.9909,-0.0504,-0.1244,0,0.0554,0.9978,0.0371,0,0.1223,-0.0437,0.9915,0,0,13.1543,0,1]},
{"frame":47,"values":[0.9922,-0.0524,-0.1129,0,0.0579,0.9972,0.0466,0,0.1102,-0.0527,0.9925,0,0,13.1543,0,1]},
{"frame":48,"values":[0.9941,-0.0546,-0.0936,0,0.0601,0.9965,0.0575,0,0.0901,-0.0628,0.994,0,0,13.1543,0,1]},
{"frame":49,"values":[0.996,-0.0598,-0.0668,0,0.0641,0.9959,0.0645,0,0.0627,-0.0685,0.9957,0,0,13.1543,0,1]},
{"frame":50,"values":[0.9964,-0.0767,-0.0358,0,0.0789,0.9948,0.0643,0,0.0307,-0.0669,0.9973,0,0,13.1543,0,1]},
{"frame":51,"values":[0.9965,-0.0837,-0.0026,0,0.0837,0.9946,0.0616,0,-0.0026,-0.0616,0.9981,0,0,13.1543,0,1]},
{"frame":52,"values":[0.9964,-0.0801,0.0281,0,0.0786,0.9956,0.0505,0,-0.0321,-0.0481,0.9983,0,0,13.1543,0,1]},
{"frame":53,"values":[0.9959,-0.0736,0.0521,0,0.0716,0.9967,0.0389,0,-0.0548,-0.035,0.9979,0,0,13.1543,0,1]},
{"frame":54,"values":[0.9955,-0.0656,0.0687,0,0.0639,0.9976,0.0265,0,-0.0703,-0.022,0.9973,0,0,13.1543,0,1]},
{"frame":55,"values":[0.9955,-0.051,0.0802,0,0.0501,0.9987,0.012,0,-0.0807,-0.0079,0.9967,0,0,13.1543,0,1]},
{"frame":56,"values":[0.9956,-0.0317,0.088,0,0.0317,0.9995,0.0018,0,-0.088,0.001,0.9961,0,0,13.1543,0,1]},
{"frame":57,"values":[0.9955,-0.0183,0.0928,0,0.0189,0.9998,-0.0055,0,-0.0926,0.0072,0.9957,0,0,13.1543,0,1]},
{"frame":58,"values":[0.9954,-0.0161,0.094,0,0.0172,0.9998,-0.0108,0,-0.0938,0.0124,0.9955,0,0,13.1543,0,1]},
{"frame":59,"values":[0.9957,-0.0202,0.0903,0,0.0216,0.9997,-0.0146,0,-0.09,0.0165,0.9958,0,0,13.1543,0,1]},
{"frame":60,"values":[0.9966,-0.02,0.0799,0,0.021,0.9997,-0.0117,0,-0.0797,0.0133,0.9967,0,0,13.1543,0,1]},
{"frame":61,"values":[0.998,-0.0169,0.0614,0,0.0167,0.9999,0.0027,0,-0.0614,-0.0017,0.9981,0,0,13.1543,0,1]},
{"frame":62,"values":[0.9993,-0.0135,0.0356,0,0.0126,0.9996,0.0255,0,-0.0359,-0.025,0.999,0,0,13.1543,0,1]},
{"frame":63,"values":[0.9999,-0.0122,0.0055,0,0.0119,0.9988,0.047,0,-0.0061,-0.0469,0.9989,0,0,13.1543,0,1]},
{"frame":64,"values":[0.9996,-0.0112,-0.0255,0,0.0128,0.998,0.0626,0,0.0248,-0.0629,0.9977,0,0,13.1543,0,1]},
{"frame":65,"values":[0.9984,-0.0097,-0.0557,0,0.0138,0.9972,0.0739,0,0.0549,-0.0746,0.9957,0,0,13.1543,0,1]},
{"frame":66,"values":[0.9965,-0.0067,-0.0836,0,0.0133,0.9969,0.0781,0,0.0828,-0.079,0.9934,0,0,13.1543,0,1]}],"loopBehavior":1,"name":"anim","property":"_matrix"}},
{"name":"mixamorig1:Spine2","index":3,"matrix":[0.9968,-0.0084,-0.0796,0,0.0145,0.9969,0.077,0,0.0787,-0.0779,0.9939,0,0,15.0335,0,1],"rest":[1,0,0,0,0,1,0,0,0,0,1,0,0,15.0335,0,1],"parentBoneIndex":2,"length":16.8165
,"animation":{"dataType":3,"framePerSecond":30,"keys":[
{"frame":1,"values":[0.9968,-0.0084,-0.0796,0,0.0145,0.9969,0.077,0,0.0787,-0.0779,0.9939,0,0,15.0335,0,1]},
{"frame":2,"values":[0.9949,-0.016,-0.0997,0,0.0226,0.9976,0.0654,0,0.0984,-0.0674,0.9929,0,0,15.0335,0,1]},
{"frame":3,"values":[0.993,-0.0275,-0.1145,0,0.033,0.9984,0.0468,0,0.1131,-0.0502,0.9923,0,0,15.0335,0,1]},
{"frame":4,"values":[0.9915,-0.0394,-0.1238,0,0.0439,0.9985,0.0338,0,0.1223,-0.039,0.9917,0,0,15.0335,0,1]},
{"frame":5,"values":[0.9909,-0.0459,-0.1264,0,0.0507,0.9981,0.0347,0,0.1246,-0.0407,0.9914,0,0,15.0335,0,1]},
{"frame":6,"values":[0.9913,-0.0506,-0.1217,0,0.0559,0.9976,0.0401,0,0.1193,-0.0466,0.9918,0,0,15.0335,0,1]},
{"frame":7,"values":[0.9926,-0.0537,-0.1092,0,0.0593,0.9971,0.0484,0,0.1062,-0.0545,0.9928,0,0,15.0335,0,1]},
{"frame":8,"values":[0.9944,-0.0572,-0.0891,0,0.0625,0.9964,0.057,0,0.0855,-0.0623,0.9944,0,0,15.0335,0,1]},
{"frame":9,"values":[0.996,-0.0632,-0.0625,0,0.067,0.9959,0.0611,0,0.0583,-0.0651,0.9962,0,0,15.0335,0,1]},
{"frame":10,"values":[0.9963,-0.0804,-0.0316,0,0.0821,0.9949,0.0583,0,0.0268,-0.0606,0.9978,0,0,15.0335,0,1]},
{"frame":11,"values":[0.9962,-0.087,0,0,0.0869,0.9948,0.0529,0,-0.0046,-0.0527,0.9986,0,0,15.0335,0,1]},
{"frame":12,"values":[0.9961,-0.0829,0.0292,0,0.0818,0.9959,0.0398,0,-0.0324,-0.0373,0.9988,0,0,15.0335,0,1]},
{"frame":13,"values":[0.9958,-0.0758,0.052,0,0.0745,0.9969,0.0271,0,-0.0539,-0.0231,0.9983,0,0,15.0335,0,1]},
{"frame":14,"values":[0.9954,-0.0671,0.0681,0,0.0663,0.9977,0.0138,0,-0.0689,-0.0092,0.9976,0,0,15.0335,0,1]},
{"frame":15,"values":[0.9955,-0.0513,0.0794,0,0.0515,0.9987,-0.0008,0,-0.0793,0.0049,0.9968,0,0,15.0335,0,1]},
{"frame":16,"values":[0.9957,-0.0311,0.087,0,0.0321,0.9994,-0.0104,0,-0.0867,0.0131,0.9962,0,0,15.0335,0,1]},
{"frame":17,"values":[0.9957,-0.0168,0.0916,0,0.0184,0.9997,-0.0171,0,-0.0913,0.0187,0.9956,0,0,15.0335,0,1]},
{"frame":18,"values":[0.9956,-0.0136,0.0927,0,0.0158,0.9996,-0.0225,0,-0.0924,0.0239,0.9954,0,0,15.0335,0,1]},
{"frame":19,"values":[0.9959,-0.0169,0.0892,0,0.0194,0.9995,-0.0267,0,-0.0887,0.0283,0.9957,0,0,15.0335,0,1]},
{"frame":20,"values":[0.9967,-0.0168,0.0794,0,0.0187,0.9996,-0.0232,0,-0.079,0.0246,0.9966,0,0,15.0335,0,1]},
{"frame":21,"values":[0.998,-0.0148,0.0616,0,0.0153,0.9999,-0.0076,0,-0.0615,0.0086,0.9981,0,0,15.0335,0,1]},
{"frame":22,"values":[0.9992,-0.0132,0.0367,0,0.0126,0.9998,0.0168,0,-0.0369,-0.0163,0.9992,0,0,15.0335,0,1]},
{"frame":23,"values":[0.9999,-0.0133,0.0076,0,0.013,0.9991,0.0402,0,-0.0082,-0.04,0.9992,0,0,15.0335,0,1]},
{"frame":24,"values":[0.9997,-0.0132,-0.0225,0,0.0145,0.9982,0.0579,0,0.0217,-0.0582,0.9981,0,0,15.0335,0,1]},
{"frame":25,"values":[0.9986,-0.012,-0.052,0,0.0156,0.9973,0.0711,0,0.051,-0.0718,0.9961,0,0,15.0335,0,1]},
{"frame":26,"values":[0.9968,-0.0088,-0.0796,0,0.0149,0.997,0.0764,0,0.0787,-0.0774,0.9939,0,0,15.0335,0,1]},
{"frame":41,"values":[0.9968,-0.0084,-0.0796,0,0.0145,0.9969,0.077,0,0.0787,-0.0779,0.9939,0,0,15.0335,0,1]},
{"frame":42,"values":[0.9949,-0.016,-0.0997,0,0.0226,0.9976,0.0654,0,0.0984,-0.0674,0.9929,0,0,15.0335,0,1]},
{"frame":43,"values":[0.993,-0.0275,-0.1145,0,0.033,0.9984,0.0468,0,0.1131,-0.0502,0.9923,0,0,15.0335,0,1]},
{"frame":44,"values":[0.9915,-0.0394,-0.1238,0,0.0439,0.9985,0.0338,0,0.1223,-0.039,0.9917,0,0,15.0335,0,1]},
{"frame":45,"values":[0.9909,-0.0459,-0.1264,0,0.0507,0.9981,0.0347,0,0.1246,-0.0407,0.9914,0,0,15.0335,0,1]},
{"frame":46,"values":[0.9913,-0.0506,-0.1217,0,0.0559,0.9976,0.0401,0,0.1193,-0.0466,0.9918,0,0,15.0335,0,1]},
{"frame":47,"values":[0.9926,-0.0537,-0.1092,0,0.0593,0.9971,0.0484,0,0.1062,-0.0545,0.9928,0,0,15.0335,0,1]},
{"frame":48,"values":[0.9944,-0.0572,-0.0891,0,0.0625,0.9964,0.057,0,0.0855,-0.0623,0.9944,0,0,15.0335,0,1]},
{"frame":49,"values":[0.996,-0.0632,-0.0625,0,0.067,0.9959,0.0611,0,0.0583,-0.0651,0.9962,0,0,15.0335,0,1]},
{"frame":50,"values":[0.9963,-0.0804,-0.0316,0,0.0821,0.9949,0.0583,0,0.0268,-0.0606,0.9978,0,0,15.0335,0,1]},
{"frame":51,"values":[0.9962,-0.087,0,0,0.0869,0.9948,0.0529,0,-0.0046,-0.0527,0.9986,0,0,15.0335,0,1]},
{"frame":52,"values":[0.9961,-0.0829,0.0292,0,0.0818,0.9959,0.0398,0,-0.0324,-0.0373,0.9988,0,0,15.0335,0,1]},
{"frame":53,"values":[0.9958,-0.0758,0.052,0,0.0745,0.9969,0.0271,0,-0.0539,-0.0231,0.9983,0,0,15.0335,0,1]},
{"frame":54,"values":[0.9954,-0.0671,0.0681,0,0.0663,0.9977,0.0138,0,-0.0689,-0.0092,0.9976,0,0,15.0335,0,1]},
{"frame":55,"values":[0.9955,-0.0513,0.0794,0,0.0515,0.9987,-0.0008,0,-0.0793,0.0049,0.9968,0,0,15.0335,0,1]},
{"frame":56,"values":[0.9957,-0.0311,0.087,0,0.0321,0.9994,-0.0104,0,-0.0867,0.0131,0.9962,0,0,15.0335,0,1]},
{"frame":57,"values":[0.9957,-0.0168,0.0916,0,0.0184,0.9997,-0.0171,0,-0.0913,0.0187,0.9956,0,0,15.0335,0,1]},
{"frame":58,"values":[0.9956,-0.0136,0.0927,0,0.0158,0.9996,-0.0225,0,-0.0924,0.0239,0.9954,0,0,15.0335,0,1]},
{"frame":59,"values":[0.9959,-0.0169,0.0892,0,0.0194,0.9995,-0.0267,0,-0.0887,0.0283,0.9957,0,0,15.0335,0,1]},
{"frame":60,"values":[0.9967,-0.0168,0.0794,0,0.0187,0.9996,-0.0232,0,-0.079,0.0246,0.9966,0,0,15.0335,0,1]},
{"frame":61,"values":[0.998,-0.0148,0.0616,0,0.0153,0.9999,-0.0076,0,-0.0615,0.0086,0.9981,0,0,15.0335,0,1]},
{"frame":62,"values":[0.9992,-0.0132,0.0367,0,0.0126,0.9998,0.0168,0,-0.0369,-0.0163,0.9992,0,0,15.0335,0,1]},
{"frame":63,"values":[0.9999,-0.0133,0.0076,0,0.013,0.9991,0.0402,0,-0.0082,-0.04,0.9992,0,0,15.0335,0,1]},
{"frame":64,"values":[0.9997,-0.0132,-0.0225,0,0.0145,0.9982,0.0579,0,0.0217,-0.0582,0.9981,0,0,15.0335,0,1]},
{"frame":65,"values":[0.9986,-0.012,-0.052,0,0.0156,0.9973,0.0711,0,0.051,-0.0718,0.9961,0,0,15.0335,0,1]},
{"frame":66,"values":[0.9968,-0.0088,-0.0796,0,0.0149,0.997,0.0764,0,0.0787,-0.0774,0.9939,0,0,15.0335,0,1]}],"loopBehavior":1,"name":"anim","property":"_matrix"}},
{"name":"mixamorig1:Neck","index":4,"matrix":[0.9998,0.0184,-0.0066,0,-0.0179,0.9968,0.078,0,0.008,-0.0779,0.9969,0,0,16.9127,0,1],"rest":[1,0,0,0,0,0.9963,0.0864,0,0,-0.0864,0.9963,0,0,16.9127,0,1],"parentBoneIndex":3,"length":8.8346
,"animation":{"dataType":3,"framePerSecond":30,"keys":[
{"frame":1,"values":[0.9998,0.0184,-0.0066,0,-0.0179,0.9968,0.078,0,0.008,-0.0779,0.9969,0,0,16.9127,0,1]},
{"frame":2,"values":[0.9998,0.018,0.0018,0,-0.0181,0.9969,0.0762,0,-0.0004,-0.0762,0.9971,0,0,16.9127,0,1]},
{"frame":3,"values":[0.9998,0.0196,0.0105,0,-0.0203,0.9966,0.0797,0,-0.0089,-0.0799,0.9968,0,0,16.9127,0,1]},
{"frame":4,"values":[0.9995,0.0233,0.019,0,-0.0249,0.9959,0.0875,0,-0.0168,-0.088,0.996,0,0,16.9127,0,1]},
{"frame":5,"values":[0.9992,0.0292,0.0264,0,-0.0316,0.9946,0.0986,0,-0.0234,-0.0993,0.9948,0,0,16.9127,0,1]},
{"frame":6,"values":[0.9988,0.036,0.032,0,-0.0393,0.9931,0.1103,0,-0.0278,-0.1114,0.9934,0,0,16.9127,0,1]},
{"frame":7,"values":[0.9985,0.0421,0.0353,0,-0.046,0.9917,0.1197,0,-0.03,-0.1212,0.9922,0,0,16.9127,0,1]},
{"frame":8,"values":[0.9983,0.0458,0.0362,0,-0.0499,0.991,0.124,0,-0.0302,-0.1256,0.9916,0,0,16.9127,0,1]},
{"frame":9,"values":[0.9983,0.0467,0.0353,0,-0.0507,0.9914,0.121,0,-0.0293,-0.1226,0.992,0,0,16.9127,0,1]},
{"frame":10,"values":[0.9984,0.0459,0.0331,0,-0.0493,0.9927,0.1103,0,-0.0278,-0.1118,0.9933,0,0,16.9127,0,1]},
{"frame":11,"values":[0.9985,0.0448,0.03,0,-0.0474,0.9945,0.0938,0,-0.0257,-0.0951,0.9951,0,0,16.9127,0,1]},
{"frame":12,"values":[0.9987,0.0445,0.026,0,-0.0463,0.9961,0.0753,0,-0.0225,-0.0764,0.9968,0,0,16.9127,0,1]},
{"frame":13,"values":[0.9988,0.045,0.0204,0,-0.0462,0.9971,0.0599,0,-0.0177,-0.0607,0.998,0,0,16.9127,0,1]},
{"frame":14,"values":[0.9989,0.0457,0.0132,0,-0.0463,0.9976,0.0514,0,-0.0108,-0.0519,0.9986,0,0,16.9127,0,1]},
{"frame":15,"values":[0.999,0.0455,0.0046,0,-0.0457,0.9976,0.0512,0,-0.0023,-0.0514,0.9987,0,0,16.9127,0,1]},
{"frame":16,"values":[0.999,0.0434,-0.0044,0,-0.0431,0.9974,0.0582,0,0.0069,-0.0579,0.9983,0,0,16.9127,0,1]},
{"frame":17,"values":[0.9992,0.0387,-0.0129,0,-0.0377,0.9969,0.0697,0,0.0156,-0.0691,0.9975,0,0,16.9127,0,1]},
{"frame":18,"values":[0.9993,0.0309,-0.0201,0,-0.0291,0.9961,0.0829,0,0.0226,-0.0823,0.9964,0,0,16.9127,0,1]},
{"frame":19,"values":[0.9995,0.0206,-0.0256,0,-0.018,0.9952,0.0961,0,0.0274,-0.0956,0.995,0,0,16.9127,0,1]},
{"frame":20,"values":[0.9995,0.0095,-0.0289,0,-0.0064,0.9942,0.1078,0,0.0297,-0.1076,0.9938,0,0,16.9127,0,1]},
{"frame":21,"values":[0.9996,0.0006,-0.0299,0,0.0029,0.9932,0.1163,0,0.0297,-0.1164,0.9928,0,0,16.9127,0,1]},
{"frame":22,"values":[0.9996,-0.0037,-0.0284,0,0.0071,0.9928,0.1199,0,0.0277,-0.12,0.9924,0,0,16.9127,0,1]},
{"frame":23,"values":[0.9997,-0.0027,-0.0246,0,0.0056,0.9931,0.1172,0,0.0242,-0.1173,0.9928,0,0,16.9127,0,1]},
{"frame":24,"values":[0.9998,0.0028,-0.0192,0,-0.0007,0.9941,0.1084,0,0.0194,-0.1083,0.9939,0,0,16.9127,0,1]},
{"frame":25,"values":[0.9999,0.0105,-0.013,0,-0.0092,0.9955,0.0948,0,0.0139,-0.0946,0.9954,0,0,16.9127,0,1]},
{"frame":26,"values":[0.9998,0.0184,-0.0066,0,-0.0179,0.9968,0.078,0,0.008,-0.0779,0.9969,0,0,16.9127,0,1]},
{"frame":41,"values":[0.9998,0.0184,-0.0066,0,-0.0179,0.9968,0.078,0,0.008,-0.0779,0.9969,0,0,16.9127,0,1]},
{"frame":42,"values":[0.9998,0.018,0.0018,0,-0.0181,0.9969,0.0762,0,-0.0004,-0.0762,0.9971,0,0,16.9127,0,1]},
{"frame":43,"values":[0.9998,0.0196,0.0105,0,-0.0203,0.9966,0.0797,0,-0.0089,-0.0799,0.9968,0,0,16.9127,0,1]},
{"frame":44,"values":[0.9995,0.0233,0.019,0,-0.0249,0.9959,0.0875,0,-0.0168,-0.088,0.996,0,0,16.9127,0,1]},
{"frame":45,"values":[0.9992,0.0292,0.0264,0,-0.0316,0.9946,0.0986,0,-0.0234,-0.0993,0.9948,0,0,16.9127,0,1]},
{"frame":46,"values":[0.9988,0.036,0.032,0,-0.0393,0.9931,0.1103,0,-0.0278,-0.1114,0.9934,0,0,16.9127,0,1]},
{"frame":47,"values":[0.9985,0.0421,0.0353,0,-0.046,0.9917,0.1197,0,-0.03,-0.1212,0.9922,0,0,16.9127,0,1]},
{"frame":48,"values":[0.9983,0.0458,0.0362,0,-0.0499,0.991,0.124,0,-0.0302,-0.1256,0.9916,0,0,16.9127,0,1]},
{"frame":49,"values":[0.9983,0.0467,0.0353,0,-0.0507,0.9914,0.121,0,-0.0293,-0.1226,0.992,0,0,16.9127,0,1]},
{"frame":50,"values":[0.9984,0.0459,0.0331,0,-0.0493,0.9927,0.1103,0,-0.0278,-0.1118,0.9933,0,0,16.9127,0,1]},
{"frame":51,"values":[0.9985,0.0448,0.03,0,-0.0474,0.9945,0.0938,0,-0.0257,-0.0951,0.9951,0,0,16.9127,0,1]},
{"frame":52,"values":[0.9987,0.0445,0.026,0,-0.0463,0.9961,0.0753,0,-0.0225,-0.0764,0.9968,0,0,16.9127,0,1]},
{"frame":53,"values":[0.9988,0.045,0.0204,0,-0.0462,0.9971,0.0599,0,-0.0177,-0.0607,0.998,0,0,16.9127,0,1]},
{"frame":54,"values":[0.9989,0.0457,0.0132,0,-0.0463,0.9976,0.0514,0,-0.0108,-0.0519,0.9986,0,0,16.9127,0,1]},
{"frame":55,"values":[0.999,0.0455,0.0046,0,-0.0457,0.9976,0.0512,0,-0.0023,-0.0514,0.9987,0,0,16.9127,0,1]},
{"frame":56,"values":[0.999,0.0434,-0.0044,0,-0.0431,0.9974,0.0582,0,0.0069,-0.0579,0.9983,0,0,16.9127,0,1]},
{"frame":57,"values":[0.9992,0.0387,-0.0129,0,-0.0377,0.9969,0.0697,0,0.0156,-0.0691,0.9975,0,0,16.9127,0,1]},
{"frame":58,"values":[0.9993,0.0309,-0.0201,0,-0.0291,0.9961,0.0829,0,0.0226,-0.0823,0.9964,0,0,16.9127,0,1]},
{"frame":59,"values":[0.9995,0.0206,-0.0256,0,-0.018,0.9952,0.0961,0,0.0274,-0.0956,0.995,0,0,16.9127,0,1]},
{"frame":60,"values":[0.9995,0.0095,-0.0289,0,-0.0064,0.9942,0.1078,0,0.0297,-0.1076,0.9938,0,0,16.9127,0,1]},
{"frame":61,"values":[0.9996,0.0006,-0.0299,0,0.0029,0.9932,0.1163,0,0.0297,-0.1164,0.9928,0,0,16.9127,0,1]},
{"frame":62,"values":[0.9996,-0.0037,-0.0284,0,0.0071,0.9928,0.1199,0,0.0277,-0.12,0.9924,0,0,16.9127,0,1]},
{"frame":63,"values":[0.9997,-0.0027,-0.0246,0,0.0056,0.9931,0.1172,0,0.0242,-0.1173,0.9928,0,0,16.9127,0,1]},
{"frame":64,"values":[0.9998,0.0028,-0.0192,0,-0.0007,0.9941,0.1084,0,0.0194,-0.1083,0.9939,0,0,16.9127,0,1]},
{"frame":65,"values":[0.9999,0.0105,-0.013,0,-0.0092,0.9955,0.0948,0,0.0139,-0.0946,0.9954,0,0,16.9127,0,1]},
{"frame":66,"values":[0.9998,0.0184,-0.0066,0,-0.0179,0.9968,0.078,0,0.008,-0.0779,0.9969,0,0,16.9127,0,1]}],"loopBehavior":1,"name":"anim","property":"_matrix"}},
{"name":"mixamorig1:Head","index":5,"matrix":[0.9998,0.0178,-0.0082,0,-0.0179,0.9998,-0.0084,0,0.008,0.0085,0.9999,0,0,8.3951,2.7518,1],"rest":[1,0,0,0,0,1,0,0,0,0,1,0,0,8.3951,2.7518,1],"parentBoneIndex":4,"length":21.6364
,"animation":{"dataType":3,"framePerSecond":30,"keys":[
{"frame":1,"values":[0.9998,0.0178,-0.0082,0,-0.0179,0.9998,-0.0084,0,0.008,0.0085,0.9999,0,0,8.3951,2.7518,1]},
{"frame":2,"values":[0.9998,0.0181,0.0002,0,-0.0181,0.9998,-0.0102,0,-0.0004,0.0102,0.9999,0,0,8.3951,2.7518,1]},
{"frame":3,"values":[0.9998,0.0204,0.0088,0,-0.0203,0.9998,-0.0067,0,-0.0089,0.0065,0.9999,0,0,8.3951,2.7518,1]},
{"frame":4,"values":[0.9995,0.0248,0.0169,0,-0.0249,0.9997,0.0012,0,-0.0168,-0.0016,0.9999,0,0,8.3951,2.7518,1]},
{"frame":5,"values":[0.9992,0.0313,0.0238,0,-0.0316,0.9994,0.0123,0,-0.0234,-0.013,0.9996,0,0,8.3951,2.7518,1]},
{"frame":6,"values":[0.9988,0.0386,0.0288,0,-0.0393,0.9989,0.0241,0,-0.0278,-0.0252,0.9993,0,0,8.3951,2.7518,1]},
{"frame":7,"values":[0.9985,0.0449,0.0315,0,-0.046,0.9984,0.0336,0,-0.03,-0.035,0.9989,0,0,8.3951,2.7518,1]},
{"frame":8,"values":[0.9983,0.0487,0.0321,0,-0.0499,0.998,0.0379,0,-0.0302,-0.0395,0.9988,0,0,8.3951,2.7518,1]},
{"frame":9,"values":[0.9983,0.0496,0.0311,0,-0.0507,0.9981,0.0349,0,-0.0293,-0.0364,0.9989,0,0,8.3951,2.7518,1]},
{"frame":10,"values":[0.9984,0.0486,0.029,0,-0.0493,0.9985,0.0242,0,-0.0278,-0.0256,0.9993,0,0,8.3951,2.7518,1]},
{"frame":11,"values":[0.9985,0.0472,0.026,0,-0.0474,0.9988,0.0075,0,-0.0257,-0.0088,0.9996,0,0,8.3951,2.7518,1]},
{"frame":12,"values":[0.9987,0.0466,0.022,0,-0.0463,0.9989,-0.011,0,-0.0225,0.0099,0.9997,0,0,8.3951,2.7518,1]},
{"frame":13,"values":[0.9988,0.0466,0.0164,0,-0.0462,0.9986,-0.0265,0,-0.0177,0.0257,0.9995,0,0,8.3951,2.7518,1]},
{"frame":14,"values":[0.9989,0.0467,0.0092,0,-0.0463,0.9983,-0.035,0,-0.0108,0.0345,0.9993,0,0,8.3951,2.7518,1]},
{"frame":15,"values":[0.999,0.0457,0.0007,0,-0.0457,0.9983,-0.0352,0,-0.0023,0.0351,0.9994,0,0,8.3951,2.7518,1]},
{"frame":16,"values":[0.999,0.0429,-0.0081,0,-0.0431,0.9987,-0.0282,0,0.0069,0.0285,0.9996,0,0,8.3951,2.7518,1]},
{"frame":17,"values":[0.9992,0.0374,-0.0162,0,-0.0377,0.9991,-0.0167,0,0.0156,0.0173,0.9997,0,0,8.3951,2.7517,1]},
{"frame":18,"values":[0.9993,0.029,-0.0227,0,-0.0291,0.9996,-0.0034,0,0.0226,0.0041,0.9997,0,0,8.3951,2.7518,1]},
{"frame":19,"values":[0.9995,0.0183,-0.0272,0,-0.018,0.9998,0.0098,0,0.0274,-0.0093,0.9996,0,0,8.395,2.7518,1]},
{"frame":20,"values":[0.9995,0.007,-0.0296,0,-0.0064,0.9997,0.0215,0,0.0297,-0.0213,0.9993,0,0,8.3951,2.7517,1]},
{"frame":21,"values":[0.9996,-0.002,-0.0298,0,0.0029,0.9995,0.0301,0,0.0297,-0.0302,0.9991,0,0,8.3951,2.7518,1]},
{"frame":22,"values":[0.9996,-0.0062,-0.028,0,0.0071,0.9994,0.0337,0,0.0277,-0.0339,0.999,0,0,8.3951,2.7518,1]},
{"frame":23,"values":[0.9997,-0.0048,-0.0243,0,0.0056,0.9995,0.031,0,0.0242,-0.0312,0.9992,0,0,8.3951,2.7517,1]},
{"frame":24,"values":[0.9998,0.0011,-0.0194,0,-0.0007,0.9998,0.0221,0,0.0194,-0.0221,0.9996,0,0,8.3951,2.7518,1]},
{"frame":25,"values":[0.9999,0.0093,-0.0139,0,-0.0092,0.9999,0.0084,0,0.0139,-0.0083,0.9999,0,0,8.3951,2.7518,1]},
{"frame":26,"values":[0.9998,0.0178,-0.0082,0,-0.0179,0.9998,-0.0084,0,0.008,0.0085,0.9999,0,0,8.3951,2.7518,1]},
{"frame":41,"values":[0.9998,0.0178,-0.0082,0,-0.0179,0.9998,-0.0084,0,0.008,0.0085,0.9999,0,0,8.3951,2.7518,1]},
{"frame":42,"values":[0.9998,0.0181,0.0002,0,-0.0181,0.9998,-0.0102,0,-0.0004,0.0102,0.9999,0,0,8.3951,2.7518,1]},
{"frame":43,"values":[0.9998,0.0204,0.0088,0,-0.0203,0.9998,-0.0067,0,-0.0089,0.0065,0.9999,0,0,8.3951,2.7518,1]},
{"frame":44,"values":[0.9995,0.0248,0.0169,0,-0.0249,0.9997,0.0012,0,-0.0168,-0.0016,0.9999,0,0,8.3951,2.7518,1]},
{"frame":45,"values":[0.9992,0.0313,0.0238,0,-0.0316,0.9994,0.0123,0,-0.0234,-0.013,0.9996,0,0,8.3951,2.7518,1]},
{"frame":46,"values":[0.9988,0.0386,0.0288,0,-0.0393,0.9989,0.0241,0,-0.0278,-0.0252,0.9993,0,0,8.3951,2.7518,1]},
{"frame":47,"values":[0.9985,0.0449,0.0315,0,-0.046,0.9984,0.0336,0,-0.03,-0.035,0.9989,0,0,8.3951,2.7518,1]},
{"frame":48,"values":[0.9983,0.0487,0.0321,0,-0.0499,0.998,0.0379,0,-0.0302,-0.0395,0.9988,0,0,8.3951,2.7518,1]},
{"frame":49,"values":[0.9983,0.0496,0.0311,0,-0.0507,0.9981,0.0349,0,-0.0293,-0.0364,0.9989,0,0,8.3951,2.7518,1]},
{"frame":50,"values":[0.9984,0.0486,0.029,0,-0.0493,0.9985,0.0242,0,-0.0278,-0.0256,0.9993,0,0,8.3951,2.7518,1]},
{"frame":51,"values":[0.9985,0.0472,0.026,0,-0.0474,0.9988,0.0075,0,-0.0257,-0.0088,0.9996,0,0,8.3951,2.7518,1]},
{"frame":52,"values":[0.9987,0.0466,0.022,0,-0.0463,0.9989,-0.011,0,-0.0225,0.0099,0.9997,0,0,8.3951,2.7518,1]},
{"frame":53,"values":[0.9988,0.0466,0.0164,0,-0.0462,0.9986,-0.0265,0,-0.0177,0.0257,0.9995,0,0,8.3951,2.7518,1]},
{"frame":54,"values":[0.9989,0.0467,0.0092,0,-0.0463,0.9983,-0.035,0,-0.0108,0.0345,0.9993,0,0,8.3951,2.7518,1]},
{"frame":55,"values":[0.999,0.0457,0.0007,0,-0.0457,0.9983,-0.0352,0,-0.0023,0.0351,0.9994,0,0,8.3951,2.7518,1]},
{"frame":56,"values":[0.999,0.0429,-0.0081,0,-0.0431,0.9987,-0.0282,0,0.0069,0.0285,0.9996,0,0,8.3951,2.7518,1]},
{"frame":57,"values":[0.9992,0.0374,-0.0162,0,-0.0377,0.9991,-0.0167,0,0.0156,0.0173,0.9997,0,0,8.3951,2.7517,1]},
{"frame":58,"values":[0.9993,0.029,-0.0227,0,-0.0291,0.9996,-0.0034,0,0.0226,0.0041,0.9997,0,0,8.3951,2.7518,1]},
{"frame":59,"values":[0.9995,0.0183,-0.0272,0,-0.018,0.9998,0.0098,0,0.0274,-0.0093,0.9996,0,0,8.395,2.7518,1]},
{"frame":60,"values":[0.9995,0.007,-0.0296,0,-0.0064,0.9997,0.0215,0,0.0297,-0.0213,0.9993,0,0,8.3951,2.7517,1]},
{"frame":61,"values":[0.9996,-0.002,-0.0298,0,0.0029,0.9995,0.0301,0,0.0297,-0.0302,0.9991,0,0,8.3951,2.7518,1]},
{"frame":62,"values":[0.9996,-0.0062,-0.028,0,0.0071,0.9994,0.0337,0,0.0277,-0.0339,0.999,0,0,8.3951,2.7518,1]},
{"frame":63,"values":[0.9997,-0.0048,-0.0243,0,0.0056,0.9995,0.031,0,0.0242,-0.0312,0.9992,0,0,8.3951,2.7517,1]},
{"frame":64,"values":[0.9998,0.0011,-0.0194,0,-0.0007,0.9998,0.0221,0,0.0194,-0.0221,0.9996,0,0,8.3951,2.7518,1]},
{"frame":65,"values":[0.9999,0.0093,-0.0139,0,-0.0092,0.9999,0.0084,0,0.0139,-0.0083,0.9999,0,0,8.3951,2.7518,1]},
{"frame":66,"values":[0.9998,0.0178,-0.0082,0,-0.0179,0.9998,-0.0084,0,0.008,0.0085,0.9999,0,0,8.3951,2.7518,1]}],"loopBehavior":1,"name":"anim","property":"_matrix"}},
{"name":"mixamorig1:HeadTop_End","index":6,"matrix":[1,0,0,0,0,1,0,0,0,0,1,0,0,20.56,6.7392,1],"rest":[1,0,0,0,0,1,0,0,0,0,1,0,0,20.56,6.7392,1],"parentBoneIndex":5,"length":21.6364
,"animation":{"dataType":3,"framePerSecond":30,"keys":[
{"frame":1,"values":[1,0,0,0,0,1,0,0,0,0,1,0,0,20.56,6.7392,1]},
{"frame":4,"values":[1,0,0,0,0,1,0,0,0,0,1,0,0,20.56,6.7393,1]},
{"frame":5,"values":[1,0,0,0,0,1,0,0,0,0,1,0,0,20.56,6.7392,1]},
{"frame":7,"values":[1,0,0,0,0,1,0,0,0,0,1,0,0,20.56,6.7393,1]},
{"frame":8,"values":[1,0,0,0,0,1,0,0,0,0,1,0,0,20.56,6.7392,1]},
{"frame":11,"values":[1,0,0,0,0,1,0,0,0,0,1,0,0,20.56,6.7393,1]},
{"frame":16,"values":[1,0,0,0,0,1,0,0,0,0,1,0,0,20.56,6.7392,1]},
{"frame":17,"values":[1,0,0,0,0,1,0,0,0,0,1,0,0,20.56,6.7393,1]},
{"frame":19,"values":[1,0,0,0,0,1,0,0,0,0,1,0,0,20.56,6.7392,1]},
{"frame":21,"values":[1,0,0,0,0,1,0,0,0,0,1,0,0,20.56,6.7393,1]},
{"frame":22,"values":[1,0,0,0,0,1,0,0,0,0,1,0,0,20.56,6.7392,1]},
{"frame":23,"values":[1,0,0,0,0,1,0,0,0,0,1,0,0,20.56,6.7393,1]},
