{"producer":{"name":"Blender","version":"2.92.0","exporter_version":"2.80.1","file":"man.babylon"},
"autoClear":true,"clearColor":[0.0509,0.0509,0.0509],"gravity":[0,-9.81,0],
"materials":[{"name":"Ch45_Body.001","id":"Ch45_Body.001","customType":"BABYLON.PBRMaterial","backFaceCulling":true,"checkReadyOnlyOnce":false,"maxSimultaneousLights":4,"environmentIntensity":1,"roughness":1,"alpha":1,"transparencyMode":0,"alphaCutOff":0.4,"metallic":0.5, 
"albedoTexture":{"name":"Ch45_1001_Diffuse.png","level":1,"hasAlpha":true,"coordinatesMode":0,"uOffset":0,"vOffset":0,"uScale":1,"vScale":1,"uAng":0,"vAng":0,"wAng":0,"wrapU":1,"wrapV":1,"coordinatesIndex":0},"useAlphaFromAlbedoTexture":true, 
"reflectivityTexture":{"name":"Ch45_1001_Specular.png","level":1,"hasAlpha":true,"coordinatesMode":0,"uOffset":0,"vOffset":0,"uScale":1,"vScale":1,"uAng":0,"vAng":0,"wAng":0,"wrapU":1,"wrapV":1,"coordinatesIndex":0}, 
"bumpTexture":{"name":"Ch45_1001_Normal.png","level":1,"hasAlpha":true,"coordinatesMode":0,"uOffset":0,"vOffset":0,"uScale":1,"vScale":1,"uAng":0,"vAng":0,"wAng":0,"wrapU":1,"wrapV":1,"coordinatesIndex":0}, 
"metallicTexture":{"name":"Ch45_1001_Glossiness.png","level":1,"hasAlpha":true,"coordinatesMode":0,"uOffset":0,"vOffset":0,"uScale":1,"vScale":1,"uAng":0,"vAng":0,"wAng":0,"wrapU":1,"wrapV":1,"coordinatesIndex":0},"useMetallnessFromMetallicTextureBlue":false,"useRoughnessFromMetallicTextureGreen":true,"useAmbientOcclusionFromMetallicTextureRed":false,"useRoughnessFromMetallicTextureAlpha":false}],
"multiMaterials":[],
"skeletons":[{"name":"Character","id":0,"dimensionsAtRest":[181.5954,205.0171,24.8531],"bones":[
{"name":"mixamorig1:Hips","index":0,"matrix":[1,0.0006,0,0,-0.0006,1,0,0,0,0,-1,0,-0.0041,99.6572,0.2391,1],"rest":[1,0,0,0,0,1,0,0,0,0,-1,0,0,98.8801,0.4443,1],"parentBoneIndex":-1,"length":11.8244
,"animation":{"dataType":3,"framePerSecond":30,"keys":[
{"frame":1,"values":[1,0.0006,0,0,-0.0006,1,0,0,0,0,-1,0,-0.0041,99.6572,0.2391,1]},
{"frame":2,"values":[1,0.0006,0,0,-0.0006,1,0,0,0,0,-1,0,-0.0041,99.6572,0.2391,1]},
{"frame":11,"values":[0.9824,-0.1547,-0.1043,0,0.1333,0.9732,-0.1875,0,-0.1306,-0.1703,-0.9767,0,-0.2329,87.2042,0.1071,1]},
{"frame":12,"values":[0.9473,0.0003,-0.3202,0,-0.0373,0.9933,-0.1097,0,-0.318,-0.1158,-0.941,0,-0.3308,93.3239,-19.0463,1]},
{"frame":13,"values":[0.9028,0.1844,-0.3884,0,-0.2081,0.9779,-0.0194,0,-0.3762,-0.0983,-0.9213,0,-1.8489,101.3223,-34.605,1]},
{"frame":14,"values":[0.8852,0.3045,-0.3517,0,-0.3174,0.948,0.0219,0,-0.3401,-0.0923,-0.9359,0,-3.0421,108.0866,-48.4826,1]},
{"frame":15,"values":[0.8998,0.332,-0.283,0,-0.3349,0.9414,0.0397,0,-0.2796,-0.0591,-0.9583,0,-3.226,113.385,-63.0968,1]},
{"frame":16,"values":[0.9357,0.2817,-0.2124,0,-0.2756,0.9595,0.0584,0,-0.2203,-0.0039,-0.9754,0,-2.8232,117.9929,-78.5278,1]},
{"frame":17,"values":[0.9643,0.2214,-0.1453,0,-0.2096,0.9734,0.0923,0,-0.1618,0.0585,-0.9851,0,-2.4115,122.3164,-94.7378,1]},
{"frame":18,"values":[0.9777,0.1852,-0.0984,0,-0.1752,0.9792,0.1025,0,-0.1154,0.083,-0.9898,0,-2.1349,126.5242,-111.2495,1]},
{"frame":19,"values":[0.9815,0.1691,-0.0894,0,-0.1602,0.9822,0.0979,0,-0.1044,0.0818,-0.9912,0,-1.7454,129.8987,-126.9513,1]},
{"frame":20,"values":[0.9803,0.163,-0.1116,0,-0.1504,0.9821,0.1134,0,-0.1281,0.0943,-0.9873,0,-1.2094,132.0375,-142.3028,1]},
{"frame":21,"values":[0.98,0.1507,-0.13,0,-0.1302,0.9795,0.1535,0,-0.1505,0.1335,-0.9796,0,-0.563,132.6543,-157.2587,1]},
{"frame":22,"values":[0.987,0.1173,-0.1102,0,-0.0943,0.9763,0.195,0,-0.1305,0.1821,-0.9746,0,0.083,132.1776,-171.8947,1]},
{"frame":23,"values":[0.9971,0.0596,-0.0471,0,-0.0478,0.9738,0.2221,0,-0.0592,0.2192,-0.9739,0,0.6885,130.6132,-186.5616,1]},
{"frame":24,"values":[0.999,-0.0152,0.0425,0,0.0048,0.972,0.2351,0,0.0449,0.2346,-0.971,0,1.2482,127.787,-201.7647,1]},
{"frame":25,"values":[0.9873,-0.0895,0.1311,0,0.056,0.9691,0.2404,0,0.1486,0.23,-0.9618,0,1.6889,123.8853,-217.7727,1]},
{"frame":26,"values":[0.9696,-0.1443,0.1977,0,0.0951,0.9664,0.2387,0,0.2255,0.2126,-0.9508,0,1.9652,119.3136,-234.4753,1]},
{"frame":27,"values":[0.9552,-0.1763,0.2378,0,0.1203,0.9652,0.2321,0,0.2705,0.1931,-0.9432,0,2.0957,113.7745,-251.6501,1]},
{"frame":28,"values":[0.9457,-0.1859,0.2667,0,0.1242,0.9647,0.2321,0,0.3004,0.1864,-0.9354,0,1.9506,107.0905,-268.4747,1]},
{"frame":29,"values":[0.9376,-0.1774,0.2991,0,0.101,0.9619,0.254,0,0.3328,0.2079,-0.9198,0,1.4779,99.8475,-284.468,1]},
{"frame":30,"values":[0.931,-0.1302,0.3409,0,0.0315,0.9594,0.2802,0,0.3636,0.2501,-0.8973,0,0.6343,93.8486,-300.1672,1]},
{"frame":31,"values":[0.9331,-0.0912,0.3479,0,-0.0133,0.9579,0.2867,0,0.3594,0.2721,-0.8926,0,0.0075,89.1834,-317.1234,1]},
{"frame":32,"values":[0.9417,-0.052,0.3325,0,-0.0263,0.9736,0.2267,0,0.3356,0.2222,-0.9154,0,-0.2048,88.0394,-335.4968,1]},
{"frame":33,"values":[0.947,-0.0183,0.3206,0,-0.0152,0.9947,0.1017,0,0.3208,0.1012,-0.9417,0,-0.2441,87.4288,-354.2715,1]},
{"frame":34,"values":[0.9493,0.0089,0.3142,0,-0.0022,0.9998,-0.0217,0,0.3143,-0.0199,-0.9491,0,-0.3089,86.8434,-372.4343,1]},
{"frame":35,"values":[0.9618,0.0039,0.2737,0,0.0171,0.9971,-0.0744,0,0.2732,-0.0762,-0.9589,0,-0.3876,87.1141,-389.7015,1]},
{"frame":36,"values":[0.9842,-0.0606,0.1661,0,0.0747,0.994,-0.0801,0,0.1602,-0.0912,-0.9829,0,-0.2891,87.6425,-405.4875,1]},
{"frame":37,"values":[0.9923,-0.121,0.0255,0,0.1232,0.9848,-0.1223,0,0.0103,-0.1245,-0.9922,0,-0.0932,87.5366,-421.8146,1]},
{"frame":38,"values":[0.9824,-0.1546,-0.1046,0,0.1332,0.9732,-0.1875,0,-0.1308,-0.1702,-0.9767,0,-0.2356,87.2143,-440.2186,1]},
{"frame":51,"values":[0.998,-0.0367,0.0522,0,0.0414,0.9948,-0.0927,0,0.0485,-0.0947,-0.9943,0,0.093,92.8668,-0.1912,1]},
{"frame":52,"values":[0.9989,-0.0171,0.0435,0,0.0211,0.9954,-0.0935,0,0.0417,-0.0943,-0.9947,0,0.4914,94.6292,-16.8803,1]},
{"frame":53,"values":[0.9982,-0.002,0.0595,0,0.0073,0.9961,-0.0881,0,0.0591,-0.0883,-0.9943,0,0.661,97.1126,-33.6287,1]},
{"frame":54,"values":[0.9951,0.0154,0.0978,0,-0.0066,0.9959,-0.0902,0,0.0988,-0.0891,-0.9911,0,0.862,98.9965,-51.3923,1]},
{"frame":55,"values":[0.9943,0.0132,0.1059,0,-0.0031,0.9956,-0.0942,0,0.1067,-0.0933,-0.9899,0,0.9294,99.013,-68.915,1]},
{"frame":56,"values":[0.9969,-0.0009,0.0789,0,0.0065,0.9975,-0.0703,0,0.0786,-0.0706,-0.9944,0,1.2309,98.7961,-85.2114,1]},
{"frame":57,"values":[0.9959,-0.0027,0.0901,0,0.0072,0.9988,-0.0494,0,0.0899,-0.0498,-0.9947,0,1.3277,98.0542,-101.3032,1]},
{"frame":58,"values":[0.9921,-0.0015,0.1252,0,0.0066,0.9992,-0.0404,0,0.125,-0.0409,-0.9913,0,1.2378,96.634,-116.3479,1]},
{"frame":59,"values":[0.9919,0.0048,0.1268,0,0,0.9993,-0.0379,0,0.1269,-0.0375,-0.9912,0,0.9354,94.0642,-130.2815,1]},
{"frame":60,"values":[0.9939,0.0035,0.1104,0,0.0027,0.9985,-0.0554,0,0.1104,-0.0554,-0.9923,0,0.7185,91.6894,-143.8452,1]},
{"frame":61,"values":[0.995,-0.0041,0.1,0,0.0106,0.9979,-0.0638,0,0.0995,-0.0646,-0.9929,0,0.3127,91.4705,-157.6219,1]},
{"frame":62,"values":[0.9944,-0.0374,0.0986,0,0.0442,0.9967,-0.0677,0,0.0958,-0.0717,-0.9928,0,0.275,93.0758,-172.715,1]},
{"frame":63,"values":[0.9956,-0.0687,0.0639,0,0.0741,0.9936,-0.0857,0,0.0576,-0.0901,-0.9943,0,0.2976,95.2755,-188.9857,1]},
{"frame":64,"values":[0.9963,-0.0862,0.0067,0,0.0863,0.9885,-0.1238,0,-0.0041,-0.1239,-0.9923,0,0.2172,97.202,-205.5205,1]},
{"frame":65,"values":[0.9971,-0.0765,-0.003,0,0.0752,0.9855,-0.1523,0,-0.0146,-0.1516,-0.9883,0,0.2941,97.8368,-221.3371,1]},
{"frame":66,"values":[0.9983,-0.0583,-0.0042,0,0.0572,0.9895,-0.1329,0,-0.0119,-0.1324,-0.9911,0,0.3104,97.3401,-237.7884,1]},
{"frame":67,"values":[0.9988,-0.0483,-0.0118,0,0.0467,0.9925,-0.1126,0,-0.0171,-0.1119,-0.9936,0,0.239,96.397,-254.2307,1]},
{"frame":68,"values":[0.999,-0.044,-0.0009,0,0.0436,0.993,-0.1102,0,-0.0058,-0.1101,-0.9939,0,0.1611,94.7796,-269.3751,1]},
{"frame":69,"values":[0.9992,-0.0356,0.0185,0,0.0374,0.9935,-0.1074,0,0.0146,-0.108,-0.994,0,0.0428,93.2472,-284.5302,1]},
{"frame":70,"values":[0.9975,-0.0528,0.0464,0,0.0576,0.9924,-0.1084,0,0.0404,-0.1108,-0.993,0,-0.1815,91.4647,-298.641,1]},
{"frame":71,"values":[0.9949,-0.0703,0.0728,0,0.0771,0.9925,-0.095,0,0.0656,-0.1001,-0.9928,0,-0.2941,91.0156,-313.2448,1]},
{"frame":72,"values":[0.998,-0.0367,0.0522,0,0.0414,0.9948,-0.0927,0,0.0485,-0.0947,-0.9943,0,0.093,92.8667,-328.947,1]},
{"frame":81,"values":[1,0.0006,0,0,-0.0006,1,0,0,0,0,-1,0,-0.0041,99.6572,0.2391,1]},
{"frame":82,"values":[1,0.0006,0,0,-0.0006,1,0,0,0,0,-1,0,-0.0041,99.6572,0.2391,1]}],"loopBehavior":1,"name":"anim","property":"_matrix"}},
{"name":"mixamorig1:Spine","index":1,"matrix":[1,-0.0006,0,0,0.0006,0.9963,-0.0864,0,0.0001,0.0864,0.9963,0,0,11.233,-0.9737,1],"rest":[1,0,0,0,0,0.9963,-0.0864,0,0,0.0864,0.9963,0,0,11.233,-0.9737,1],"parentBoneIndex":0,"length":13.1543
,"animation":{"dataType":3,"framePerSecond":30,"keys":[
{"frame":1,"values":[1,-0.0006,0,0,0.0006,0.9963,-0.0864,0,0.0001,0.0864,0.9963,0,0,11.233,-0.9737,1]},
{"frame":2,"values":[1,-0.0006,0,0,0.0006,0.9963,-0.0864,0,0.0001,0.0864,0.9963,0,0,11.233,-0.9737,1]},
{"frame":11,"values":[0.951,0.3036,-0.0587,0,-0.3058,0.9516,-0.0311,0,0.0464,0.0475,0.9978,0,0,11.233,-0.9737,1]},
{"frame":12,"values":[0.9347,0.1234,-0.3332,0,-0.1208,0.9923,0.0286,0,0.3341,0.0135,0.9424,0,0,11.233,-0.9737,1]},
{"frame":13,"values":[0.8387,-0.0797,-0.5387,0,0.1231,0.9914,0.045,0,0.5304,-0.104,0.8413,0,0,11.233,-0.9737,1]},
{"frame":14,"values":[0.7714,-0.2059,-0.6021,0,0.311,0.9475,0.0744,0,0.5552,-0.2446,0.7949,0,0,11.233,-0.9737,1]},
{"frame":15,"values":[0.7825,-0.2223,-0.5816,0,0.3749,0.914,0.1551,0,0.4971,-0.3394,0.7986,0,0,11.233,-0.9737,1]},
{"frame":16,"values":[0.8351,-0.158,-0.5269,0,0.3243,0.9151,0.2396,0,0.4443,-0.371,0.8154,0,0,11.233,-0.9737,1]},
{"frame":17,"values":[0.8701,-0.1048,-0.4817,0,0.2756,0.9136,0.299,0,0.4087,-0.3929,0.8238,0,0,11.233,-0.9737,1]},
{"frame":18,"values":[0.878,-0.0874,-0.4705,0,0.2557,0.9168,0.3067,0,0.4046,-0.3896,0.8273,0,0,11.233,-0.9737,1]},
{"frame":19,"values":[0.8786,-0.0571,-0.4742,0,0.228,0.9225,0.3113,0,0.4197,-0.3817,0.8235,0,0,11.233,-0.9737,1]},
{"frame":20,"values":[0.8818,-0.0087,-0.4715,0,0.1985,0.9138,0.3543,0,0.4277,-0.406,0.8076,0,0,11.233,-0.9737,1]},
{"frame":21,"values":[0.8987,0.044,-0.4363,0,0.1684,0.8841,0.436,0,0.4049,-0.4653,0.7871,0,0,11.233,-0.9737,1]},
{"frame":22,"values":[0.9296,0.0861,-0.3585,0,0.1227,0.8447,0.521,0,0.3477,-0.5283,0.7746,0,0,11.233,-0.9737,1]},
{"frame":23,"values":[0.9609,0.1197,-0.2498,0,0.0506,0.8108,0.5831,0,0.2723,-0.5729,0.7731,0,0,11.233,-0.9737,1]},
{"frame":24,"values":[0.9797,0.1517,-0.1312,0,-0.042,0.795,0.6051,0,0.1961,-0.5873,0.7852,0,0,11.233,-0.9737,1]},
{"frame":25,"values":[0.9841,0.1757,-0.0248,0,-0.1288,0.8037,0.5809,0,0.122,-0.5685,0.8136,0,0,11.233,-0.9737,1]},
{"frame":26,"values":[0.9819,0.1776,0.0657,0,-0.1856,0.8344,0.5189,0,0.0373,-0.5217,0.8523,0,0,11.233,-0.9737,1]},
{"frame":27,"values":[0.9756,0.1577,0.1529,0,-0.2096,0.8765,0.4334,0,-0.0657,-0.4548,0.8881,0,0,11.233,-0.9737,1]},
{"frame":28,"values":[0.9634,0.1119,0.2436,0,-0.1977,0.9104,0.3634,0,-0.1811,-0.3982,0.8992,0,0,11.233,-0.9737,1]},
{"frame":29,"values":[0.946,0.0242,0.3233,0,-0.1459,0.9224,0.3577,0,-0.2896,-0.3856,0.8761,0,0,11.233,-0.9737,1]},
{"frame":30,"values":[0.9194,-0.1311,0.3708,0,-0.0284,0.9181,0.3952,0,-0.3923,-0.3739,0.8404,0,0,11.233,-0.9737,1]},
{"frame":31,"values":[0.8949,-0.2241,0.3859,0,0.0622,0.919,0.3894,0,-0.4419,-0.3245,0.8363,0,0,11.233,-0.9737,1]},
{"frame":32,"values":[0.8887,-0.2088,0.4083,0,0.0997,0.957,0.2723,0,-0.4476,-0.2013,0.8713,0,0,11.233,-0.9737,1]},
{"frame":33,"values":[0.8952,-0.1052,0.4331,0,0.0862,0.9943,0.0632,0,-0.4372,-0.0192,0.8991,0,0,11.233,-0.9737,1]},
{"frame":34,"values":[0.9059,-0.008,0.4235,0,0.0592,0.9924,-0.108,0,-0.4194,0.1229,0.8995,0,0,11.233,-0.9737,1]},
{"frame":35,"values":[0.9295,0.0611,0.3638,0,-0.0119,0.9906,-0.1359,0,-0.3687,0.122,0.9215,0,0,11.233,-0.9737,1]},
{"frame":36,"values":[0.9539,0.1633,0.2517,0,-0.1535,0.9864,-0.0583,0,-0.2578,0.0169,0.9661,0,0,11.233,-0.9737,1]},
{"frame":37,"values":[0.9581,0.2652,0.1081,0,-0.2635,0.9642,-0.0297,0,-0.1121,0,0.9937,0,0,11.233,-0.9737,1]},
{"frame":38,"values":[0.951,0.3035,-0.0589,0,-0.3056,0.9517,-0.031,0,0.0467,0.0475,0.9978,0,0,11.233,-0.9737,1]},
{"frame":51,"values":[0.9996,0.015,-0.0235,0,-0.015,0.9999,0.0001,0,0.0235,0.0002,0.9997,0,0,11.233,-0.9737,1]},
{"frame":52,"values":[0.9991,0.0073,-0.0419,0,-0.0076,0.9999,-0.0069,0,0.0418,0.0072,0.9991,0,0,11.233,-0.9737,1]},
{"frame":53,"values":[0.9982,-0.0002,-0.0592,0,-0.0006,0.9999,-0.0151,0,0.0592,0.0151,0.9981,0,0,11.233,-0.9737,1]},
{"frame":54,"values":[0.9976,-0.0057,-0.0692,0,0.0039,0.9996,-0.0266,0,0.0694,0.0263,0.9972,0,0,11.233,-0.9737,1]},
{"frame":55,"values":[0.9972,-0.0094,-0.0748,0,0.0066,0.9993,-0.0373,0,0.0751,0.0367,0.9965,0,0,11.233,-0.9737,1]},
{"frame":56,"values":[0.9973,-0.008,-0.0729,0,0.0054,0.9994,-0.0355,0,0.0731,0.035,0.9967,0,0,11.233,-0.9737,1]},
{"frame":57,"values":[0.9979,-0.007,-0.0641,0,0.0052,0.9996,-0.0289,0,0.0643,0.0285,0.9975,0,0,11.233,-0.9737,1]},
{"frame":58,"values":[0.9985,-0.0056,-0.0538,0,0.0045,0.9998,-0.0196,0,0.0539,0.0193,0.9984,0,0,11.233,-0.9737,1]},
{"frame":59,"values":[0.999,-0.0105,-0.0433,0,0.0101,0.9999,-0.0076,0,0.0433,0.0071,0.999,0,0,11.233,-0.9737,1]},
{"frame":60,"values":[0.9997,-0.0102,-0.0228,0,0.0103,0.9999,0.0007,0,0.0228,-0.0009,0.9997,0,0,11.233,-0.9737,1]},
{"frame":61,"values":[1,-0.006,0.0045,0,0.0059,1,0.0077,0,-0.0046,-0.0077,1,0,0,11.233,-0.9737,1]},
{"frame":62,"values":[0.9995,0.0069,0.0297,0,-0.0072,0.9999,0.009,0,-0.0297,-0.0092,0.9995,0,0,11.233,-0.9737,1]},
{"frame":63,"values":[0.9985,0.0238,0.0487,0,-0.0238,0.9997,0.0004,0,-0.0487,-0.0016,0.9988,0,0,11.233,-0.9737,1]},
{"frame":64,"values":[0.9975,0.0291,0.064,0,-0.0284,0.9995,-0.0105,0,-0.0643,0.0086,0.9979,0,0,11.233,-0.9737,1]},
{"frame":65,"values":[0.9966,0.0315,0.0763,0,-0.0303,0.9994,-0.0167,0,-0.0768,0.0144,0.9969,0,0,11.233,-0.9737,1]},
{"frame":66,"values":[0.9966,0.0284,0.0778,0,-0.0277,0.9996,-0.0108,0,-0.0781,0.0086,0.9969,0,0,11.233,-0.9737,1]},
{"frame":67,"values":[0.9974,0.0266,0.067,0,-0.0262,0.9996,-0.0065,0,-0.0671,0.0048,0.9977,0,0,11.233,-0.9737,1]},
{"frame":68,"values":[0.9978,0.0263,0.0605,0,-0.0261,0.9996,-0.0046,0,-0.0606,0.003,0.9982,0,0,11.233,-0.9737,1]},
{"frame":69,"values":[0.9985,0.0265,0.0484,0,-0.0265,0.9996,-0.0013,0,-0.0484,0,0.9988,0,0,11.233,-0.9737,1]},
{"frame":70,"values":[0.9991,0.0301,0.0283,0,-0.0302,0.9995,0.004,0,-0.0281,-0.0048,0.9996,0,0,11.233,-0.9737,1]},
{"frame":71,"values":[0.9994,0.0324,0.0089,0,-0.0324,0.9995,0.0058,0,-0.0087,-0.0061,0.9999,0,0,11.233,-0.9737,1]},
{"frame":72,"values":[0.9996,0.015,-0.0235,0,-0.015,0.9999,0.0001,0,0.0235,0.0002,0.9997,0,0,11.233,-0.9737,1]},
{"frame":81,"values":[1,-0.0006,0,0,0.0006,0.9963,-0.0864,0,0.0001,0.0864,0.9963,0,0,11.233,-0.9737,1]},
{"frame":82,"values":[1,-0.0006,0,0,0.0006,0.9963,-0.0864,0,0.0001,0.0864,0.9963,0,0,11.233,-0.9737,1]}],"loopBehavior":1,"name":"anim","property":"_matrix"}},
{"name":"mixamorig1:Spine1","index":2,"matrix":[1,0,0,0,0,1,0,0,0,0,1,0,0,13.1543,0,1],"rest":[1,0,0,0,0,1,0,0,0,0,1,0,0,13.1543,0,1],"parentBoneIndex":1,"length":15.0335
,"animation":{"dataType":3,"framePerSecond":30,"keys":[
{"frame":1,"values":[1,0,0,0,0,1,0,0,0,0,1,0,0,13.1543,0,1]},
{"frame":2,"values":[1,0,0,0,0,1,0,0,0,0,1,0,0,13.1543,0,1]},
{"frame":11,"values":[0.9969,-0.0752,-0.0226,0,0.0764,0.9956,0.0543,0,0.0184,-0.0559,0.9983,0,0,13.1543,0,1]},
{"frame":12,"values":[0.9921,-0.1098,-0.0613,0,0.1123,0.9929,0.0385,0,0.0567,-0.0451,0.9974,0,0,13.1543,0,1]},
{"frame":13,"values":[0.9879,-0.126,-0.0904,0,0.1314,0.9897,0.057,0,0.0823,-0.0682,0.9943,0,0,13.1543,0,1]},
{"frame":14,"values":[0.9901,-0.1025,-0.0963,0,0.1094,0.9915,0.0699,0,0.0883,-0.0797,0.9929,0,0,13.1543,0,1]},
{"frame":15,"values":[0.9931,-0.0754,-0.0899,0,0.081,0.9949,0.0602,0,0.0849,-0.067,0.9941,0,0,13.1543,0,1]},
{"frame":16,"values":[0.9953,-0.0544,-0.0807,0,0.0591,0.9967,0.0561,0,0.0774,-0.0606,0.9952,0,0,13.1543,0,1]},
{"frame":17,"values":[0.9966,-0.0387,-0.0729,0,0.0431,0.9973,0.0594,0,0.0704,-0.0623,0.9956,0,0,13.1543,0,1]},
{"frame":18,"values":[0.9972,-0.0296,-0.0693,0,0.0339,0.9975,0.0618,0,0.0673,-0.064,0.9957,0,0,13.1543,0,1]},
{"frame":19,"values":[0.9971,-0.0293,-0.0702,0,0.0333,0.9978,0.0567,0,0.0684,-0.0588,0.9959,0,0,13.1543,0,1]},
{"frame":20,"values":[0.9971,-0.0278,-0.0708,0,0.0315,0.9982,0.0511,0,0.0692,-0.0532,0.9962,0,0,13.1543,0,1]},
{"frame":21,"values":[0.9976,-0.0211,-0.0659,0,0.024,0.9988,0.0432,0,0.0649,-0.0446,0.9969,0,0,13.1543,0,1]},
{"frame":22,"values":[0.9985,-0.0072,-0.0536,0,0.0089,0.9995,0.0316,0,0.0534,-0.032,0.9981,0,0,13.1543,0,1]},
{"frame":23,"values":[0.9993,0.011,-0.036,0,-0.0103,0.9998,0.0184,0,0.0362,-0.018,0.9992,0,0,13.1543,0,1]},
{"frame":24,"values":[0.9994,0.0307,-0.0169,0,-0.0305,0.9995,0.011,0,0.0172,-0.0105,0.9998,0,0,13.1543,0,1]},
{"frame":25,"values":[0.9988,0.0494,0.001,0,-0.0494,0.9986,0.0168,0,-0.0002,-0.0169,0.9999,0,0,13.1543,0,1]},
{"frame":26,"values":[0.9978,0.0638,0.017,0,-0.0644,0.9973,0.0363,0,-0.0147,-0.0373,0.9992,0,0,13.1543,0,1]},
{"frame":27,"values":[0.9971,0.0692,0.0316,0,-0.071,0.9956,0.061,0,-0.0273,-0.0631,0.9976,0,0,13.1543,0,1]},
{"frame":28,"values":[0.997,0.0631,0.0453,0,-0.0664,0.9949,0.0759,0,-0.0403,-0.0787,0.9961,0,0,13.1543,0,1]},
{"frame":29,"values":[0.9969,0.0523,0.0587,0,-0.0564,0.9959,0.0705,0,-0.0548,-0.0736,0.9958,0,0,13.1543,0,1]},
{"frame":30,"values":[0.9967,0.0396,0.0704,0,-0.0439,0.9972,0.0606,0,-0.0678,-0.0635,0.9957,0,0,13.1543,0,1]},
{"frame":31,"values":[0.9966,0.0298,0.0764,0,-0.0345,0.9975,0.0613,0,-0.0744,-0.0638,0.9952,0,0,13.1543,0,1]},
{"frame":32,"values":[0.9969,0.0214,0.0757,0,-0.0268,0.9972,0.0702,0,-0.074,-0.072,0.9947,0,0,13.1543,0,1]},
{"frame":33,"values":[0.9973,0.0212,0.0707,0,-0.0272,0.996,0.0847,0,-0.0686,-0.0864,0.9939,0,0,13.1543,0,1]},
{"frame":34,"values":[0.9976,0.0272,0.0635,0,-0.033,0.9952,0.0926,0,-0.0607,-0.0945,0.9937,0,0,13.1543,0,1]},
{"frame":35,"values":[0.9984,0.0215,0.0524,0,-0.0259,0.9962,0.0837,0,-0.0504,-0.0849,0.9951,0,0,13.1543,0,1]},
{"frame":36,"values":[0.9994,-0.0029,0.0332,0,0.0006,0.9977,0.0681,0,-0.0333,-0.068,0.9971,0,0,13.1543,0,1]},
{"frame":37,"values":[0.9992,-0.0388,0.0065,0,0.0384,0.9975,0.0599,0,-0.0088,-0.0596,0.9982,0,0,13.1543,-0.0001,1]},
{"frame":38,"values":[0.9969,-0.0752,-0.0226,0,0.0764,0.9956,0.0543,0,0.0184,-0.0559,0.9983,0,0,13.1543,0,1]},
{"frame":51,"values":[0.9984,0.0415,-0.0395,0,-0.0341,0.9844,0.1726,0,0.0461,-0.171,0.9842,0,0,13.1543,0,1]},
{"frame":52,"values":[0.996,0.0345,-0.0826,0,-0.021,0.9871,0.159,0,0.087,-0.1566,0.9838,0,0,13.1543,0,1]},
{"frame":53,"values":[0.9924,0.0247,-0.1209,0,-0.0073,0.9898,0.1424,0,0.1231,-0.1405,0.9824,0,0,13.1543,0,1]},
{"frame":54,"values":[0.9893,0.0074,-0.1458,0,0.0101,0.9928,0.119,0,0.1457,-0.1192,0.9821,0,0,13.1543,0,1]},
{"frame":55,"values":[0.9865,-0.0054,-0.164,0,0.0216,0.995,0.0973,0,0.1626,-0.0995,0.9817,0,0,13.1543,0,1]},
{"frame":56,"values":[0.9858,-0.0055,-0.1678,0,0.0227,0.9947,0.1007,0,0.1664,-0.1031,0.9807,0,0,13.1543,0,1]},
{"frame":57,"values":[0.988,-0.0062,-0.1546,0,0.0241,0.9932,0.1138,0,0.1528,-0.1162,0.9814,0,0,13.1543,0,1]},
{"frame":58,"values":[0.9907,-0.0081,-0.1355,0,0.0262,0.9909,0.1323,0,0.1332,-0.1346,0.9819,0,0,13.1543,0,1]},
{"frame":59,"values":[0.9933,-0.0162,-0.1141,0,0.034,0.9872,0.1559,0,0.1101,-0.1587,0.9812,0,0,13.1543,0,1]},
{"frame":60,"values":[0.9975,-0.0236,-0.0668,0,0.0348,0.9844,0.1727,0,0.0616,-0.1746,0.9827,0,0,13.1543,0,1]},
{"frame":61,"values":[0.9996,-0.0265,-0.0023,0,0.0265,0.982,0.1872,0,-0.0027,-0.1872,0.9823,0,0,13.1543,0,1]},
{"frame":62,"values":[0.9982,-0.0127,0.0579,0,0.0015,0.9818,0.1898,0,-0.0593,-0.1894,0.9801,0,0,13.1543,0,1]},
{"frame":63,"values":[0.9945,0.0124,0.1036,0,-0.0302,0.9846,0.1721,0,-0.0998,-0.1743,0.9796,0,0,13.1543,0,1]},
{"frame":64,"values":[0.9895,0.0298,0.1416,0,-0.0511,0.9875,0.1494,0,-0.1354,-0.155,0.9786,0,0,13.1543,0,1]},
{"frame":65,"values":[0.985,0.0413,0.1674,0,-0.0645,0.9886,0.1359,0,-0.1599,-0.1447,0.9765,0,0,13.1543,0,1]},
{"frame":66,"values":[0.9839,0.04,0.1739,0,-0.0661,0.9869,0.1474,0,-0.1657,-0.1566,0.9737,0,0,13.1543,0,1]},
{"frame":67,"values":[0.9866,0.0404,0.1583,0,-0.0654,0.9856,0.1559,0,-0.1498,-0.1642,0.975,0,0,13.1543,0,1]},
{"frame":68,"values":[0.9881,0.0434,0.1473,0,-0.067,0.9849,0.1598,0,-0.1381,-0.1678,0.9761,0,0,13.1543,0,1]},
{"frame":69,"values":[0.9913,0.0449,0.1236,0,-0.0653,0.9838,0.1668,0,-0.1141,-0.1734,0.9782,0,0,13.1543,0,1]},
{"frame":70,"values":[0.9953,0.0544,0.0797,0,-0.0679,0.9817,0.1779,0,-0.0685,-0.1825,0.9808,0,0,13.1543,0,1]},
{"frame":71,"values":[0.9974,0.0636,0.0346,0,-0.0689,0.9808,0.1825,0,-0.0223,-0.1844,0.9826,0,0,13.1543,0,1]},
{"frame":72,"values":[0.9984,0.0415,-0.0395,0,-0.0341,0.9844,0.1726,0,0.0461,-0.171,0.9842,0,0,13.1543,0,1]},
{"frame":81,"values":[1,0,0,0,0,1,0,0,0,0,1,0,0,13.1543,0,1]},
{"frame":82,"values":[1,0,0,0,0,1,0,0,0,0,1,0,0,13.1543,0,1]}],"loopBehavior":1,"name":"anim","property":"_matrix"}},
{"name":"mixamorig1:Spine2","index":3,"matrix":[1,0,0,0,0,1,0,0,0,0,1,0,0,15.0335,0,1],"rest":[1,0,0,0,0,1,0,0,0,0,1,0,0,15.0335,0,1],"parentBoneIndex":2,"length":16.8165
,"animation":{"dataType":3,"framePerSecond":30,"keys":[
{"frame":1,"values":[1,0,0,0,0,1,0,0,0,0,1,0,0,15.0335,0,1]},
{"frame":2,"values":[1,0,0,0,0,1,0,0,0,0,1,0,0,15.0335,0,1]},
{"frame":11,"values":[0.9969,-0.0747,-0.0229,0,0.0759,0.9956,0.0552,0,0.0187,-0.0568,0.9982,0,0,15.0335,0,1]},
{"frame":12,"values":[0.9921,-0.1116,-0.0573,0,0.1141,0.9926,0.0423,0,0.0522,-0.0486,0.9975,0,0,15.0335,0,1]},
{"frame":13,"values":[0.9882,-0.1269,-0.0863,0,0.1325,0.9892,0.0633,0,0.0773,-0.074,0.9943,0,0,15.0335,0,1]},
{"frame":14,"values":[0.9904,-0.1009,-0.0947,0,0.1082,0.9913,0.0747,0,0.0864,-0.0843,0.9927,0,0,15.0335,0,1]},
{"frame":15,"values":[0.9932,-0.0741,-0.0893,0,0.0799,0.9948,0.0629,0,0.0842,-0.0696,0.994,0,0,15.0335,0,1]},
{"frame":16,"values":[0.9953,-0.0541,-0.0801,0,0.0587,0.9966,0.0575,0,0.0767,-0.0619,0.9951,0,0,15.0335,0,1]},
{"frame":17,"values":[0.9966,-0.0386,-0.0724,0,0.043,0.9973,0.0601,0,0.0699,-0.063,0.9956,0,0,15.0335,0,1]},
{"frame":18,"values":[0.9972,-0.0295,-0.069,0,0.0339,0.9975,0.0622,0,0.067,-0.0644,0.9957,0,0,15.0335,0,1]},
{"frame":19,"values":[0.9971,-0.0295,-0.0696,0,0.0335,0.9978,0.0573,0,0.0677,-0.0595,0.9959,0,0,15.0335,0,1]},
{"frame":20,"values":[0.9972,-0.0286,-0.0698,0,0.0323,0.9981,0.052,0,0.0682,-0.0541,0.9962,0,0,15.0335,0,1]},
{"frame":21,"values":[0.9976,-0.0229,-0.0648,0,0.0258,0.9987,0.044,0,0.0637,-0.0456,0.9969,0,0,15.0335,0,1]},
{"frame":22,"values":[0.9985,-0.0096,-0.053,0,0.0113,0.9994,0.0319,0,0.0527,-0.0325,0.9981,0,0,15.0335,0,1]},
{"frame":23,"values":[0.9993,0.0088,-0.0367,0,-0.0081,0.9998,0.0183,0,0.0368,-0.018,0.9992,0,0,15.0335,0,1]},
{"frame":24,"values":[0.9994,0.0295,-0.019,0,-0.0293,0.9995,0.0108,0,0.0193,-0.0103,0.9998,0,0,15.0335,0,1]},
{"frame":25,"values":[0.9988,0.0494,-0.0025,0,-0.0494,0.9986,0.0168,0,0.0033,-0.0167,0.9999,0,0,15.0335,0,1]},
{"frame":26,"values":[0.9978,0.0647,0.0128,0,-0.0651,0.9972,0.0368,0,-0.0104,-0.0375,0.9992,0,0,15.0335,0,1]},
{"frame":27,"values":[0.9972,0.0702,0.0276,0,-0.0718,0.9955,0.0622,0,-0.0231,-0.0641,0.9977,0,0,15.0335,0,1]},
{"frame":28,"values":[0.9971,0.0639,0.0417,0,-0.067,0.9947,0.078,0,-0.0365,-0.0805,0.9961,0,0,15.0335,0,1]},
{"frame":29,"values":[0.997,0.0537,0.0549,0,-0.0576,0.9956,0.0736,0,-0.0507,-0.0765,0.9958,0,0,15.0335,0,1]},
{"frame":30,"values":[0.9969,0.0422,0.0663,0,-0.0465,0.9968,0.0648,0,-0.0633,-0.0676,0.9957,0,0,15.0335,0,1]},
{"frame":31,"values":[0.9968,0.0329,0.0722,0,-0.0377,0.9971,0.0665,0,-0.0698,-0.069,0.9952,0,0,15.0335,0,1]},
{"frame":32,"values":[0.9971,0.0237,0.0722,0,-0.0291,0.9967,0.0752,0,-0.0702,-0.0771,0.9945,0,0,15.0335,0,1]},
{"frame":33,"values":[0.9974,0.0215,0.0686,0,-0.0276,0.9956,0.0893,0,-0.0664,-0.091,0.9936,0,0,15.0335,0,1]},
{"frame":34,"values":[0.9977,0.0263,0.063,0,-0.0324,0.9948,0.0969,0,-0.0601,-0.0987,0.9933,0,0,15.0335,0,1]},
{"frame":35,"values":[0.9984,0.0218,0.0519,0,-0.0262,0.9959,0.0869,0,-0.0498,-0.0881,0.9949,0,0,15.0335,0,1]},
{"frame":36,"values":[0.9995,-0.0012,0.0315,0,-0.001,0.9976,0.0696,0,-0.0315,-0.0696,0.9971,0,0,15.0335,0,1]},
{"frame":37,"values":[0.9993,-0.0373,0.0048,0,0.0369,0.9975,0.0606,0,-0.007,-0.0603,0.9982,0,0,15.0335,0,1]},
{"frame":38,"values":[0.9969,-0.0747,-0.0229,0,0.0759,0.9956,0.0552,0,0.0187,-0.0568,0.9982,0,0,15.0335,0,1]},
{"frame":51,"values":[0.9984,0.0415,-0.0395,0,-0.0341,0.9844,0.1726,0,0.0461,-0.171,0.9842,0,0,15.0335,0,1]},
{"frame":52,"values":[0.996,0.0345,-0.0826,0,-0.021,0.9871,0.159,0,0.087,-0.1566,0.9838,0,0,15.0335,0,1]},
{"frame":53,"values":[0.9924,0.0247,-0.1209,0,-0.0073,0.9898,0.1424,0,0.1231,-0.1405,0.9824,0,0,15.0335,0,1]},
{"frame":54,"values":[0.9893,0.0074,-0.1458,0,0.0101,0.9928,0.119,0,0.1457,-0.1192,0.9821,0,0,15.0335,0,1]},
{"frame":55,"values":[0.9865,-0.0054,-0.164,0,0.0216,0.995,0.0973,0,0.1626,-0.0995,0.9817,0,0,15.0335,0,1]},
{"frame":56,"values":[0.9858,-0.0055,-0.1678,0,0.0227,0.9947,0.1007,0,0.1664,-0.1031,0.9807,0,0,15.0335,0,1]},
{"frame":57,"values":[0.988,-0.0062,-0.1546,0,0.0241,0.9932,0.1138,0,0.1528,-0.1162,0.9814,0,0,15.0335,0,1]},
{"frame":58,"values":[0.9907,-0.0081,-0.1355,0,0.0262,0.9909,0.1323,0,0.1332,-0.1346,0.9819,0,0,15.0335,0,1]},
{"frame":59,"values":[0.9933,-0.0162,-0.1141,0,0.034,0.9872,0.1559,0,0.1101,-0.1587,0.9812,0,0,15.0335,0,1]},
{"frame":60,"values":[0.9975,-0.0236,-0.0668,0,0.0348,0.9844,0.1727,0,0.0616,-0.1746,0.9827,0,0,15.0335,0,1]},
{"frame":61,"values":[0.9996,-0.0265,-0.0023,0,0.0265,0.982,0.1872,0,-0.0027,-0.1872,0.9823,0,0,15.0335,0,1]},
{"frame":62,"values":[0.9982,-0.0127,0.0579,0,0.0015,0.9818,0.1898,0,-0.0593,-0.1894,0.9801,0,0,15.0335,0,1]},
{"frame":63,"values":[0.9945,0.0124,0.1036,0,-0.0302,0.9846,0.1721,0,-0.0998,-0.1743,0.9796,0,0,15.0335,0,1]},
{"frame":64,"values":[0.9895,0.0298,0.1416,0,-0.0511,0.9875,0.1494,0,-0.1354,-0.155,0.9786,0,0,15.0335,0,1]},
{"frame":65,"values":[0.985,0.0413,0.1674,0,-0.0645,0.9886,0.1359,0,-0.1599,-0.1447,0.9765,0,0,15.0335,0,1]},
{"frame":66,"values":[0.9839,0.04,0.1739,0,-0.0661,0.9869,0.1474,0,-0.1657,-0.1566,0.9737,0,0,15.0335,0,1]},
{"frame":67,"values":[0.9866,0.0404,0.1583,0,-0.0654,0.9856,0.1559,0,-0.1498,-0.1642,0.975,0,0,15.0335,0,1]},
{"frame":68,"values":[0.9881,0.0434,0.1473,0,-0.067,0.9849,0.1598,0,-0.1381,-0.1678,0.9761,0,0,15.0335,0,1]},
{"frame":69,"values":[0.9913,0.0449,0.1236,0,-0.0653,0.9838,0.1668,0,-0.1141,-0.1734,0.9782,0,0,15.0335,0,1]},
{"frame":70,"values":[0.9953,0.0544,0.0797,0,-0.0679,0.9817,0.1779,0,-0.0685,-0.1825,0.9808,0,0,15.0335,0,1]},
{"frame":71,"values":[0.9974,0.0636,0.0346,0,-0.0689,0.9808,0.1825,0,-0.0223,-0.1844,0.9826,0,0,15.0335,0,1]},
{"frame":72,"values":[0.9984,0.0415,-0.0395,0,-0.0341,0.9844,0.1726,0,0.0461,-0.171,0.9842,0,0,15.0335,0,1]},
{"frame":81,"values":[1,0,0,0,0,1,0,0,0,0,1,0,0,15.0335,0,1]},
{"frame":82,"values":[1,0,0,0,0,1,0,0,0,0,1,0,0,15.0335,0,1]}],"loopBehavior":1,"name":"anim","property":"_matrix"}},
{"name":"mixamorig1:Neck","index":4,"matrix":[1,0,0,0,0,0.9963,0.0864,0,0,-0.0864,0.9963,0,0,16.9127,0,1],"rest":[1,0,0,0,0,0.9963,0.0864,0,0,-0.0864,0.9963,0,0,16.9127,0,1],"parentBoneIndex":3,"length":8.8346
,"animation":{"dataType":3,"framePerSecond":30,"keys":[
{"frame":1,"values":[1,0,0,0,0,0.9963,0.0864,0,0,-0.0864,0.9963,0,0,16.9127,0,1]},
{"frame":2,"values":[1,0,0,0,0,0.9963,0.0864,0,0,-0.0864,0.9963,0,0,16.9127,0,1]},
{"frame":11,"values":[1,-0.0039,-0.0058,0,0.0057,0.9327,0.3606,0,0.004,-0.3606,0.9327,0,0,16.9127,0,1]},
{"frame":12,"values":[0.9977,-0.0679,-0.0016,0,0.0648,0.9449,0.321,0,-0.0203,-0.3204,0.9471,0,0,16.9127,0,1]},
{"frame":13,"values":[0.9906,-0.1365,0.0005,0,0.1324,0.9616,0.2402,0,-0.0333,-0.2379,0.9707,0,0,16.9127,0,1]},
{"frame":14,"values":[0.9815,-0.1915,-0.001,0,0.1902,0.9742,0.1217,0,-0.0223,-0.1197,0.9926,0,0,16.9127,0,1]},
{"frame":15,"values":[0.9789,-0.2045,0.0032,0,0.2043,0.9784,0.0313,0,-0.0095,-0.03,0.9995,0,0,16.9127,0,1]},
{"frame":16,"values":[0.9841,-0.1769,0.0127,0,0.1767,0.9841,0.0191,0,-0.0159,-0.0165,0.9997,0,0,16.9127,0,1]},
{"frame":17,"values":[0.99,-0.1395,0.0224,0,0.1385,0.9896,0.0392,0,-0.0277,-0.0357,0.999,0,0,16.9127,0,1]},
{"frame":18,"values":[0.9929,-0.1149,0.03,0,0.1122,0.9904,0.0802,0,-0.0389,-0.0762,0.9963,0,0,16.9127,0,1]},
{"frame":19,"values":[0.9938,-0.1054,0.0346,0,0.1008,0.9882,0.1151,0,-0.0463,-0.1109,0.9928,0,0,16.9127,0,1]},
{"frame":20,"values":[0.9941,-0.1017,0.0368,0,0.0963,0.9871,0.1278,0,-0.0494,-0.1235,0.9911,0,0,16.9127,0,1]},
{"frame":21,"values":[0.9949,-0.094,0.0374,0,0.0884,0.9877,0.1291,0,-0.0491,-0.1251,0.9909,0,0,16.9127,0,1]},
{"frame":22,"values":[0.9963,-0.0773,0.0366,0,0.0716,0.988,0.1367,0,-0.0467,-0.1336,0.9899,0,0,16.9127,0,1]},
{"frame":23,"values":[0.9978,-0.0557,0.0354,0,0.0497,0.987,0.1527,0,-0.0435,-0.1506,0.9876,0,0,16.9127,0,1]},
{"frame":24,"values":[0.9988,-0.0352,0.0348,0,0.0288,0.985,0.17,0,-0.0403,-0.1688,0.9848,0,0,16.9127,0,1]},
{"frame":25,"values":[0.9992,-0.0215,0.0337,0,0.0147,0.9815,0.1908,0,-0.0372,-0.1901,0.9811,0,0,16.9127,0,1]},
{"frame":26,"values":[0.9994,-0.0203,0.0281,0,0.0138,0.9766,0.2147,0,-0.0319,-0.2141,0.9763,0,0,16.9127,0,1]},
{"frame":27,"values":[0.9994,-0.0316,0.015,0,0.0271,0.9698,0.2424,0,-0.0222,-0.2418,0.9701,0,0,16.9127,0,1]},
{"frame":28,"values":[0.9993,-0.0381,-0.0006,0,0.0368,0.9626,0.2683,0,-0.0097,-0.2681,0.9633,0,0,16.9127,0,1]},
{"frame":29,"values":[0.9999,-0.0112,-0.0085,0,0.0132,0.9584,0.2851,0,0.0049,-0.2852,0.9585,0,0,16.9127,0,1]},
{"frame":30,"values":[0.999,0.0425,-0.012,0,-0.0369,0.9524,0.3025,0,0.0243,-0.3017,0.9531,0,0,16.9127,0,1]},
{"frame":31,"values":[0.9968,0.077,-0.0216,0,-0.0656,0.9421,0.3287,0,0.0457,-0.3262,0.9442,0,0,16.9127,0,1]},
{"frame":32,"values":[0.9968,0.0716,-0.0358,0,-0.0544,0.934,0.3531,0,0.0588,-0.35,0.9349,0,0,16.9127,0,1]},
{"frame":33,"values":[0.9977,0.0528,-0.0424,0,-0.0338,0.9312,0.363,0,0.0586,-0.3608,0.9308,0,0,16.9127,0,1]},
{"frame":34,"values":[0.9983,0.045,-0.0382,0,-0.0277,0.9285,0.3702,0,0.0521,-0.3685,0.9282,0,0,16.9127,0,1]},
{"frame":35,"values":[0.9987,0.0406,-0.0296,0,-0.0266,0.9265,0.3754,0,0.0427,-0.3741,0.9264,0,0,16.9127,0,1]},
{"frame":36,"values":[0.9992,0.0351,-0.0197,0,-0.025,0.9257,0.3775,0,0.0315,-0.3767,0.9258,0,0,16.9127,0,1]},
{"frame":37,"values":[0.9997,0.0237,-0.0114,0,-0.0177,0.9266,0.3756,0,0.0195,-0.3753,0.9267,0,0,16.9127,0,1]},
{"frame":38,"values":[1,-0.0039,-0.0058,0,0.0057,0.9327,0.3606,0,0.004,-0.3606,0.9327,0,0,16.9127,0,1]},
{"frame":51,"values":[0.9998,-0.0025,0.0183,0,0.0017,0.9991,0.0429,0,-0.0184,-0.0429,0.9989,0,0,16.9127,0,1]},
{"frame":52,"values":[0.9997,-0.0063,0.0255,0,0.0052,0.9991,0.0423,0,-0.0258,-0.0422,0.9988,0,0,16.9127,0,1]},
{"frame":53,"values":[0.9993,-0.0035,0.0361,0,0.0018,0.9988,0.0481,0,-0.0362,-0.048,0.9982,0,0,16.9127,0,1]},
{"frame":54,"values":[0.9991,-0.0044,0.0425,0,0.0021,0.9985,0.0542,0,-0.0427,-0.0541,0.9976,0,0,16.9127,0,1]},
{"frame":55,"values":[0.9988,0.0001,0.0482,0,-0.0034,0.9976,0.0687,0,-0.0481,-0.0688,0.9965,0,0,16.9127,0,1]},
{"frame":56,"values":[0.9989,0.0052,0.0476,0,-0.0089,0.9969,0.0779,0,-0.0471,-0.0782,0.9958,0,0,16.9127,0,1]},
{"frame":57,"values":[0.9991,-0.0004,0.0425,0,-0.0028,0.9972,0.075,0,-0.0424,-0.075,0.9963,0,0,16.9127,0,1]},
{"frame":58,"values":[0.9992,-0.0004,0.04,0,-0.0025,0.9975,0.0713,0,-0.0399,-0.0713,0.9967,0,0,16.9127,0,1]},
{"frame":59,"values":[0.9993,0.0067,0.0367,0,-0.0088,0.9982,0.0585,0,-0.0362,-0.0588,0.9976,0,0,16.9127,0,1]},
{"frame":60,"values":[0.9996,0.0087,0.0265,0,-0.01,0.9987,0.0506,0,-0.0261,-0.0509,0.9984,0,0,16.9127,0,1]},
{"frame":61,"values":[0.9999,0.0042,0.013,0,-0.0048,0.9988,0.0481,0,-0.0128,-0.0482,0.9988,0,0,16.9127,0,1]},
{"frame":62,"values":[0.9999,0.0123,0.0068,0,-0.0126,0.9992,0.0384,0,-0.0063,-0.0384,0.9992,0,0,16.9127,0,1]},
{"frame":63,"values":[0.9999,-0.0071,-0.0104,0,0.0075,0.999,0.0431,0,0.0101,-0.0432,0.999,0,0,16.9127,0,1]},
{"frame":64,"values":[0.9998,-0.0019,-0.0215,0,0.0026,0.9994,0.0346,0,0.0214,-0.0346,0.9992,0,0,16.9127,0,1]},
{"frame":65,"values":[0.9996,-0.0026,-0.0289,0,0.0035,0.9996,0.0287,0,0.0288,-0.0288,0.9992,0,0,16.9127,0,1]},
{"frame":66,"values":[0.9995,-0.0055,-0.0321,0,0.0063,0.9996,0.0258,0,0.032,-0.026,0.9991,0,0,16.9127,0,1]},
{"frame":67,"values":[0.9996,-0.0077,-0.0289,0,0.0087,0.9994,0.0336,0,0.0286,-0.0338,0.999,0,0,16.9127,0,1]},
{"frame":68,"values":[0.9996,-0.0108,-0.027,0,0.0118,0.9992,0.0372,0,0.0265,-0.0375,0.9989,0,0,16.9127,0,1]},
{"frame":69,"values":[0.9995,-0.0189,-0.0245,0,0.0198,0.9992,0.0342,0,0.0239,-0.0346,0.9991,0,0,16.9127,0,1]},
{"frame":70,"values":[0.9998,-0.016,-0.012,0,0.0164,0.9994,0.0317,0,0.0115,-0.0319,0.9994,0,0,16.9127,0,1]},
{"frame":71,"values":[0.9999,-0.0143,0.001,0,0.0142,0.9993,0.0347,0,-0.0015,-0.0347,0.9994,0,0,16.9127,0,1]},
{"frame":72,"values":[0.9998,-0.0025,0.0183,0,0.0017,0.9991,0.0429,0,-0.0184,-0.0429,0.9989,0,0,16.9127,0,1]},
{"frame":81,"values":[1,0,0,0,0,0.9963,0.0864,0,0,-0.0864,0.9963,0,0,16.9127,0,1]},
{"frame":82,"values":[1,0,0,0,0,0.9963,0.0864,0,0,-0.0864,0.9963,0,0,16.9127,0,1]}],"loopBehavior":1,"name":"anim","property":"_matrix"}},
{"name":"mixamorig1:Head","index":5,"matrix":[1,0,0,0,0,1,0,0,0,0,1,0,0,8.3951,2.7518,1],"rest":[1,0,0,0,0,1,0,0,0,0,1,0,0,8.3951,2.7518,1],"parentBoneIndex":4,"length":21.6364
,"animation":{"dataType":3,"framePerSecond":30,"keys":[
{"frame":1,"values":[1,0,0,0,0,1,0,0,0,0,1,0,0,8.3951,2.7518,1]},
{"frame":2,"values":[1,0,0,0,0,1,0,0,0,0,1,0,0,8.3951,2.7518,1]},
{"frame":11,"values":[0.9997,-0.0221,-0.0056,0,0.0222,0.9997,0.0104,0,0.0053,-0.0105,0.9999,0,0,8.3951,2.7518,1]},
{"frame":12,"values":[0.9965,-0.083,0.0059,0,0.0829,0.9965,0.0115,0,-0.0068,-0.011,0.9999,0,0,8.3951,2.7518,1]},
{"frame":13,"values":[0.9891,-0.1469,0.0135,0,0.147,0.9891,-0.0011,0,-0.0132,0.0031,0.9999,0,0,8.3951,2.7518,1]},
{"frame":14,"values":[0.9805,-0.1959,0.016,0,0.1963,0.98,-0.0329,0,-0.0093,0.0355,0.9993,0,0,8.3951,2.7518,1]},
{"frame":15,"values":[0.9787,-0.2043,0.0202,0,0.2052,0.9767,-0.0623,0,-0.007,0.0651,0.9979,0,0,8.3951,2.7518,1]},
{"frame":16,"values":[0.9841,-0.1754,0.0275,0,0.1768,0.982,-0.0657,0,-0.0155,0.0695,0.9975,0,0,8.3951,2.7518,1]},
{"frame":17,"values":[0.99,-0.1371,0.0342,0,0.1386,0.9893,-0.0462,0,-0.0275,0.0505,0.9983,0,0,8.3951,2.7518,1]},
{"frame":18,"values":[0.9929,-0.1119,0.0397,0,0.1122,0.9937,-0.0055,0,-0.0389,0.0099,0.9992,0,0,8.3951,2.7518,1]},
{"frame":19,"values":[0.9938,-0.102,0.0436,0,0.1007,0.9945,0.0295,0,-0.0464,-0.0249,0.9986,0,0,8.3951,2.7518,1]},
{"frame":20,"values":[0.9941,-0.098,0.0457,0,0.0961,0.9945,0.0422,0,-0.0496,-0.0376,0.9981,0,0,8.3951,2.7518,1]},
{"frame":21,"values":[0.9949,-0.0901,0.0458,0,0.0881,0.9952,0.0435,0,-0.0495,-0.0392,0.998,0,0,8.3951,2.7518,1]},
{"frame":22,"values":[0.9963,-0.0733,0.0438,0,0.0711,0.9962,0.051,0,-0.0474,-0.0477,0.9977,0,0,8.3951,2.7518,1]},
{"frame":23,"values":[0.9978,-0.0519,0.0407,0,0.0491,0.9965,0.067,0,-0.044,-0.0649,0.9969,0,0,8.3951,2.7518,1]},
{"frame":24,"values":[0.9988,-0.0315,0.0379,0,0.0283,0.9961,0.0835,0,-0.0404,-0.0823,0.9958,0,0,8.3951,2.7518,1]},
{"frame":25,"values":[0.9992,-0.0185,0.0348,0,0.0151,0.9951,0.0974,0,-0.0365,-0.0968,0.9946,0,0,8.3951,2.7518,1]},
{"frame":26,"values":[0.9994,-0.0189,0.0283,0,0.0157,0.994,0.1084,0,-0.0302,-0.1079,0.9937,0,0,8.395,2.7517,1]},
{"frame":27,"values":[0.9994,-0.0325,0.0154,0,0.0304,0.9925,0.1183,0,-0.0192,-0.1178,0.9929,0,0,8.3951,2.7518,1]},
{"frame":28,"values":[0.9991,-0.0416,-0.0002,0,0.0413,0.9916,0.1225,0,-0.0049,-0.1224,0.9925,0,0,8.3951,2.7518,1]},
{"frame":29,"values":[0.9998,-0.017,-0.0108,0,0.0181,0.9933,0.1145,0,0.0087,-0.1147,0.9934,0,0,8.3951,2.7518,1]},
{"frame":30,"values":[0.9992,0.0346,-0.0193,0,-0.0324,0.9939,0.1056,0,0.0228,-0.1049,0.9942,0,0,8.3951,2.7518,1]},
{"frame":31,"values":[0.9973,0.0663,-0.032,0,-0.0626,0.9925,0.1053,0,0.0387,-0.103,0.9939,0,0,8.3951,2.7517,1]},
{"frame":32,"values":[0.9973,0.0579,-0.0449,0,-0.0531,0.9933,0.1031,0,0.0506,-0.1004,0.9937,0,0,8.3951,2.7517,1]},
{"frame":33,"values":[0.9981,0.0366,-0.049,0,-0.0322,0.9956,0.0878,0,0.052,-0.086,0.9949,0,0,8.395,2.7518,1]},
{"frame":34,"values":[0.9987,0.0269,-0.0443,0,-0.0237,0.9972,0.0709,0,0.046,-0.0697,0.9965,0,0,8.3951,2.7517,1]},
{"frame":35,"values":[0.9991,0.0213,-0.0358,0,-0.0193,0.9984,0.0536,0,0.0369,-0.0529,0.9979,0,0,8.3951,2.7518,1]},
{"frame":36,"values":[0.9995,0.0152,-0.0259,0,-0.0143,0.9992,0.0368,0,0.0264,-0.0364,0.999,0,0,8.3951,2.7517,1]},
{"frame":37,"values":[0.9999,0.0041,-0.016,0,-0.0038,0.9998,0.0215,0,0.0161,-0.0214,0.9996,0,0,8.3951,2.7518,1]},
{"frame":38,"values":[0.9997,-0.0221,-0.0056,0,0.0222,0.9997,0.0104,0,0.0053,-0.0105,0.9999,0,0,8.3951,2.7518,1]},
{"frame":51,"values":[0.9998,-0.0009,0.0185,0,0.0017,0.9991,-0.0435,0,-0.0184,0.0435,0.9989,0,0,8.3951,2.7518,1]},
{"frame":52,"values":[0.9997,-0.0041,0.026,0,0.0052,0.999,-0.0441,0,-0.0258,0.0443,0.9987,0,0,8.3951,2.7518,1]},
{"frame":53,"values":[0.9993,-0.0004,0.0363,0,0.0018,0.9993,-0.0383,0,-0.0362,0.0384,0.9986,0,0,8.3951,2.7518,1]},
{"frame":54,"values":[0.9991,-0.0007,0.0428,0,0.0021,0.9995,-0.0322,0,-0.0427,0.0323,0.9986,0,0,8.3951,2.7518,1]},
{"frame":55,"values":[0.9988,0.0043,0.048,0,-0.0034,0.9998,-0.0177,0,-0.0481,0.0176,0.9987,0,0,8.3951,2.7518,1]},
{"frame":56,"values":[0.9989,0.0093,0.047,0,-0.0089,0.9999,-0.0085,0,-0.0471,0.0081,0.9989,0,0,8.3951,2.7518,1]},
{"frame":57,"values":[0.9991,0.0033,0.0423,0,-0.0028,0.9999,-0.0114,0,-0.0424,0.0113,0.999,0,0,8.3951,2.7518,1]},
{"frame":58,"values":[0.9992,0.0031,0.0399,0,-0.0025,0.9999,-0.0151,0,-0.0399,0.015,0.9991,0,0,8.3951,2.7518,1]},
{"frame":59,"values":[0.9993,0.0098,0.036,0,-0.0088,0.9996,-0.0279,0,-0.0362,0.0276,0.999,0,0,8.3951,2.7518,1]},
{"frame":60,"values":[0.9996,0.0109,0.0257,0,-0.01,0.9993,-0.0358,0,-0.0261,0.0355,0.999,0,0,8.3951,2.7518,1]},
{"frame":61,"values":[0.9999,0.0053,0.0126,0,-0.0048,0.9993,-0.0383,0,-0.0128,0.0383,0.9992,0,0,8.3951,2.7517,1]},
{"frame":62,"values":[0.9999,0.0128,0.0057,0,-0.0126,0.9988,-0.0481,0,-0.0063,0.048,0.9988,0,0,8.3951,2.7518,1]},
{"frame":63,"values":[0.9999,-0.008,-0.0098,0,0.0075,0.999,-0.0433,0,0.0101,0.0433,0.999,0,0,8.3951,2.7518,1]},
{"frame":64,"values":[0.9998,-0.0037,-0.0213,0,0.0026,0.9987,-0.0518,0,0.0214,0.0518,0.9984,0,0,8.3951,2.7518,1]},
{"frame":65,"values":[0.9996,-0.0051,-0.0286,0,0.0035,0.9983,-0.0577,0,0.0288,0.0576,0.9979,0,0,8.3951,2.7518,1]},
{"frame":66,"values":[0.9995,-0.0082,-0.0315,0,0.0063,0.9981,-0.0606,0,0.032,0.0604,0.9977,0,0,8.3951,2.7518,1]},
{"frame":67,"values":[0.9996,-0.0102,-0.0281,0,0.0087,0.9986,-0.0529,0,0.0286,0.0526,0.9982,0,0,8.3951,2.7518,1]},
{"frame":68,"values":[0.9996,-0.0131,-0.0259,0,0.0118,0.9987,-0.0492,0,0.0265,0.0489,0.9985,0,0,8.3951,2.7518,1]},
{"frame":69,"values":[0.9995,-0.021,-0.0228,0,0.0198,0.9984,-0.0523,0,0.0239,0.0518,0.9984,0,0,8.3951,2.7518,1]},
{"frame":70,"values":[0.9998,-0.017,-0.0105,0,0.0164,0.9984,-0.0547,0,0.0115,0.0545,0.9984,0,0,8.3951,2.7518,1]},
{"frame":71,"values":[0.9999,-0.0141,0.0022,0,0.0142,0.9986,-0.0517,0,-0.0015,0.0517,0.9987,0,0,8.3951,2.7518,1]},
{"frame":72,"values":[0.9998,-0.0009,0.0185,0,0.0017,0.9991,-0.0435,0,-0.0184,0.0435,0.9989,0,0,8.3951,2.7518,1]},
{"frame":81,"values":[1,0,0,0,0,1,0,0,0,0,1,0,0,8.3951,2.7518,1]},
{"frame":82,"values":[1,0,0,0,0,1,0,0,0,0,1,0,0,8.3951,2.7518,1]}],"loopBehavior":1,"name":"anim","property":"_matrix"}},
{"name":"mixamorig1:HeadTop_End","index":6,"matrix":[1,0,0,0,0,1,0,0,0,0,1,0,0,20.56,6.7392,1],"rest":[1,0,0,0,0,1,0,0,0,0,1,0,0,20.56,6.7392,1],"parentBoneIndex":5,"length":21.6364
,"animation":{"dataType":3,"framePerSecond":30,"keys":[
{"frame":1,"values":[1,0,0,0,0,1,0,0,0,0,1,0,0,20.56,6.7392,1]},
{"frame":2,"values":[1,0,0,0,0,1,0,0,0,0,1,0,0,20.56,6.7392,1]},
{"frame":11,"values":[1,0,0,0,0,1,0,0,0,0,1,0,0,20.56,6.7392,1]},
{"frame":13,"values":[1,0,0,0,0,1,0,0,0,0,1,0,0,20.56,6.7393,1]},
