{"producer":{"name":"Blender","version":"2.92.0","exporter_version":"2.80.1","file":"crypto.babylon"},
"autoClear":true,"clearColor":[0.0509,0.0509,0.0509],"gravity":[0,-9.81,0],
"materials":[{"name":"Ch45_Body","id":"Ch45_Body","customType":"BABYLON.PBRMaterial","backFaceCulling":true,"checkReadyOnlyOnce":false,"maxSimultaneousLights":4,"environmentIntensity":1,"roughness":1,"alpha":1,"transparencyMode":0,"alphaCutOff":0.4,"metallic":0.5, 
"albedoTexture":{"name":"Ch45_1001_Diffuse.png","level":1,"hasAlpha":true,"coordinatesMode":0,"uOffset":0,"vOffset":0,"uScale":1,"vScale":1,"uAng":0,"vAng":0,"wAng":0,"wrapU":1,"wrapV":1,"coordinatesIndex":0},"useAlphaFromAlbedoTexture":true, 
"reflectivityTexture":{"name":"Ch45_1001_Specular.png","level":1,"hasAlpha":true,"coordinatesMode":0,"uOffset":0,"vOffset":0,"uScale":1,"vScale":1,"uAng":0,"vAng":0,"wAng":0,"wrapU":1,"wrapV":1,"coordinatesIndex":0}, 
"bumpTexture":{"name":"Ch45_1001_Normal.png","level":1,"hasAlpha":true,"coordinatesMode":0,"uOffset":0,"vOffset":0,"uScale":1,"vScale":1,"uAng":0,"vAng":0,"wAng":0,"wrapU":1,"wrapV":1,"coordinatesIndex":0}, 
"metallicTexture":{"name":"Ch45_1001_Glossiness.png","level":1,"hasAlpha":true,"coordinatesMode":0,"uOffset":0,"vOffset":0,"uScale":1,"vScale":1,"uAng":0,"vAng":0,"wAng":0,"wrapU":1,"wrapV":1,"coordinatesIndex":0},"useMetallnessFromMetallicTextureBlue":false,"useRoughnessFromMetallicTextureGreen":true,"useAmbientOcclusionFromMetallicTextureRed":false,"useRoughnessFromMetallicTextureAlpha":false}],
"multiMaterials":[],
"skeletons":[{"name":"Character","id":0,"dimensionsAtRest":[181.5954,205.0171,24.8531],"bones":[
{"name":"mixamorig1:Hips","index":0,"matrix":[0.9931,-0.0344,-0.1123,0,0.019,0.9905,-0.1361,0,-0.116,-0.1331,-0.9843,0,0.3595,93.9868,-0.3045,1],"rest":[1,0,0,0,0,1,0,0,0,0,-1,0,0,98.8801,0.4443,1],"parentBoneIndex":-1,"length":11.8244
,"animation":{"dataType":3,"framePerSecond":30,"keys":[
{"frame":1,"values":[0.9931,-0.0344,-0.1123,0,0.019,0.9905,-0.1361,0,-0.116,-0.1331,-0.9843,0,0.3595,93.9868,-0.3045,1]},
{"frame":2,"values":[0.9962,-0.0087,-0.0871,0,-0.0039,0.9897,-0.143,0,-0.0874,-0.1428,-0.9859,0,0.1113,94.9181,-0.6059,1]},
{"frame":3,"values":[0.998,-0.0077,-0.0635,0,-0.0033,0.9852,-0.1711,0,-0.0639,-0.171,-0.9832,0,-0.1523,96.2628,-0.7425,1]},
{"frame":4,"values":[0.9986,-0.028,-0.045,0,0.0195,0.9836,-0.1795,0,-0.0493,-0.1783,-0.9827,0,-0.399,96.7763,-1.2091,1]},
{"frame":5,"values":[0.9997,-0.0257,-0.0057,0,0.0245,0.9887,-0.1476,0,-0.0094,-0.1474,-0.989,0,-0.6246,96.2578,-0.9165,1]},
{"frame":6,"values":[0.9976,0.0041,0.0688,0,0.0039,0.9933,-0.1158,0,0.0688,-0.1157,-0.9909,0,-0.6849,94.3664,-0.7922,1]},
{"frame":7,"values":[0.9895,0.048,0.1365,0,-0.0317,0.9923,-0.1195,0,0.1412,-0.1139,-0.9834,0,-0.7158,92.8232,-0.6896,1]},
{"frame":8,"values":[0.9833,0.0905,0.1577,0,-0.0663,0.9861,-0.1525,0,0.1693,-0.1395,-0.9756,0,-0.215,92.4568,1.7357,1]},
{"frame":9,"values":[0.9832,0.0979,0.1539,0,-0.0683,0.98,-0.1871,0,0.1692,-0.1735,-0.9702,0,0.066,92.3055,3.5975,1]},
{"frame":10,"values":[0.9867,0.0622,0.1504,0,-0.0304,0.9783,-0.2049,0,0.1599,-0.1976,-0.9672,0,0.341,92.886,2.6022,1]},
{"frame":11,"values":[0.988,0.0297,0.1516,0,0.0028,0.9777,-0.2098,0,0.1545,-0.2077,-0.9659,0,0.7211,93.4498,-0.2085,1]},
{"frame":12,"values":[0.9887,0.0262,0.1476,0,0.0062,0.9767,-0.2145,0,0.1498,-0.213,-0.9655,0,1.0697,95.334,-1.1851,1]},
{"frame":13,"values":[0.9904,0.0402,0.1322,0,-0.0106,0.9761,-0.2171,0,0.1378,-0.2136,-0.9672,0,1.0036,96.632,-2.0572,1]},
{"frame":14,"values":[0.9913,0.0461,0.123,0,-0.0204,0.979,-0.2027,0,0.1297,-0.1985,-0.9715,0,1.0648,97.1963,-1.9028,1]},
{"frame":15,"values":[0.9932,0.0455,0.1068,0,-0.0262,0.984,-0.1762,0,0.1131,-0.1722,-0.9785,0,1.134,96.3853,-2.3219,1]},
{"frame":16,"values":[0.9975,0.0404,0.0578,0,-0.0307,0.9866,-0.1605,0,0.0635,-0.1584,-0.9853,0,1.3039,94.5354,-1.416,1]},
{"frame":17,"values":[0.9996,0.0049,-0.0281,0,-0.0095,0.9864,-0.1639,0,-0.0269,-0.1641,-0.9861,0,1.2606,93.4913,-0.946,1]},
{"frame":18,"values":[0.9945,-0.0362,-0.098,0,0.0199,0.9865,-0.1625,0,-0.1026,-0.1596,-0.9818,0,0.9218,93.1915,-0.7023,1]},
{"frame":19,"values":[0.9913,-0.0509,-0.1211,0,0.0328,0.9886,-0.1468,0,-0.1272,-0.1416,-0.9817,0,0.6022,93.4842,0.3467,1]},
{"frame":20,"values":[0.9931,-0.0344,-0.1123,0,0.019,0.9905,-0.1361,0,-0.116,-0.1331,-0.9843,0,0.3595,93.9868,-0.3045,1]},
{"frame":31,"values":[1,0.0006,0,0,-0.0006,1,0,0,0,0,-1,0,-0.0041,99.6572,0.2391,1]},
{"frame":32,"values":[1,0.0006,0,0,-0.0006,1,0,0,0,0,-1,0,-0.0041,99.6572,0.2391,1]}],"loopBehavior":1,"name":"anim","property":"_matrix"}},
{"name":"mixamorig1:Spine","index":1,"matrix":[0.9678,0.0377,-0.249,0,0.0005,0.9884,0.1516,0,0.2518,-0.1468,0.9566,0,0,11.233,-0.9737,1],"rest":[1,0,0,0,0,0.9963,-0.0864,0,0,0.0864,0.9963,0,0,11.233,-0.9737,1],"parentBoneIndex":0,"length":13.1543
,"animation":{"dataType":3,"framePerSecond":30,"keys":[
{"frame":1,"values":[0.9678,0.0377,-0.249,0,0.0005,0.9884,0.1516,0,0.2518,-0.1468,0.9566,0,0,11.233,-0.9737,1]},
{"frame":2,"values":[0.962,-0.0033,-0.2729,0,0.0231,0.9973,0.0695,0,0.2719,-0.0732,0.9595,0,0,11.233,-0.9737,1]},
{"frame":3,"values":[0.9589,-0.0135,-0.2834,0,0.0105,0.9999,-0.0123,0,0.2835,0.0088,0.9589,0,0,11.233,-0.9737,1]},
{"frame":4,"values":[0.9592,0.0151,-0.2824,0,-0.0255,0.9991,-0.0331,0,0.2817,0.0389,0.9587,0,0,11.233,-0.9737,1]},
{"frame":5,"values":[0.972,0.0185,-0.2343,0,-0.0144,0.9997,0.0191,0,0.2346,-0.0151,0.972,0,0,11.233,-0.9737,1]},
{"frame":6,"values":[0.9903,-0.0288,-0.1362,0,0.0416,0.9949,0.0919,0,0.1328,-0.0967,0.9864,0,0,11.233,-0.9737,1]},
{"frame":7,"values":[0.995,-0.0961,-0.0262,0,0.099,0.9833,0.1524,0,0.0111,-0.1542,0.988,0,0,11.233,-0.9737,1]},
{"frame":8,"values":[0.9875,-0.1458,0.0605,0,0.1329,0.9747,0.1797,0,-0.0852,-0.1694,0.9818,0,0,11.233,-0.9737,1]},
{"frame":9,"values":[0.9774,-0.1591,0.1392,0,0.1389,0.9798,0.1441,0,-0.1593,-0.1215,0.9797,0,0,11.233,-0.9737,1]},
{"frame":10,"values":[0.9672,-0.1218,0.223,0,0.1143,0.9924,0.0463,0,-0.227,-0.0192,0.9737,0,0,11.233,-0.9737,1]},
{"frame":11,"values":[0.9558,-0.061,0.2876,0,0.0815,0.9949,-0.0598,0,-0.2824,0.0806,0.9559,0,0,11.233,-0.9737,1]},
{"frame":12,"values":[0.95,-0.0276,0.311,0,0.0677,0.9906,-0.1191,0,-0.3048,0.1342,0.9429,0,0,11.233,-0.9737,1]},
{"frame":13,"values":[0.9528,-0.0377,0.3012,0,0.0788,0.989,-0.1255,0,-0.2932,0.1433,0.9453,0,0,11.233,-0.9737,1]},
{"frame":14,"values":[0.9595,-0.0542,0.2764,0,0.0838,0.9918,-0.0963,0,-0.2689,0.1156,0.9562,0,0,11.233,-0.9737,1]},
{"frame":15,"values":[0.9732,-0.0589,0.2225,0,0.069,0.9969,-0.0379,0,-0.2196,0.0522,0.9742,0,0,11.233,-0.9737,1]},
{"frame":16,"values":[0.9914,-0.0436,0.1231,0,0.0384,0.9983,0.0441,0,-0.1248,-0.039,0.9914,0,0,11.233,-0.9737,1]},
{"frame":17,"values":[0.9999,0.0056,-0.0096,0,-0.0043,0.9919,0.1268,0,0.0102,-0.1267,0.9919,0,0,11.233,-0.9737,1]},
{"frame":18,"values":[0.9914,0.0529,-0.12,0,-0.0305,0.983,0.1809,0,0.1276,-0.1756,0.9762,0,0,11.233,-0.9737,1]},
{"frame":19,"values":[0.9781,0.0652,-0.1976,0,-0.027,0.9813,0.1905,0,0.2063,-0.181,0.9616,0,0,11.233,-0.9737,1]},
{"frame":20,"values":[0.9678,0.0377,-0.249,0,0.0005,0.9884,0.1516,0,0.2518,-0.1468,0.9566,0,0,11.233,-0.9737,1]},
{"frame":31,"values":[1,-0.0006,0,0,0.0006,0.9963,-0.0864,0,0.0001,0.0864,0.9963,0,0,11.233,-0.9737,1]},
{"frame":32,"values":[1,-0.0006,0,0,0.0006,0.9963,-0.0864,0,0.0001,0.0864,0.9963,0,0,11.233,-0.9737,1]}],"loopBehavior":1,"name":"anim","property":"_matrix"}},
{"name":"mixamorig1:Spine1","index":2,"matrix":[0.9992,0.0243,-0.0304,0,-0.0261,0.9979,-0.0588,0,0.0289,0.0596,0.9978,0,0,13.1543,0,1],"rest":[1,0,0,0,0,1,0,0,0,0,1,0,0,13.1543,0,1],"parentBoneIndex":1,"length":15.0335
,"animation":{"dataType":3,"framePerSecond":30,"keys":[
{"frame":1,"values":[0.9992,0.0243,-0.0304,0,-0.0261,0.9979,-0.0588,0,0.0289,0.0596,0.9978,0,0,13.1543,0,1]},
{"frame":2,"values":[0.9992,0.0227,-0.0337,0,-0.0239,0.9991,-0.0347,0,0.0329,0.0355,0.9988,0,0,13.1543,0,1]},
{"frame":3,"values":[0.9992,0.0126,-0.0366,0,-0.013,0.9999,-0.0091,0,0.0365,0.0096,0.9993,0,0,13.1543,0,1]},
{"frame":4,"values":[0.9993,0.0003,-0.0386,0,-0.0002,1,0.0011,0,0.0386,-0.0011,0.9993,0,0,13.1543,0,1]},
{"frame":5,"values":[0.9995,0.0036,-0.0321,0,-0.0037,1,-0.0034,0,0.0321,0.0036,0.9995,0,0,13.1543,0,1]},
{"frame":6,"values":[0.9995,0.0262,-0.016,0,-0.0265,0.9994,-0.0206,0,0.0154,0.021,0.9997,0,0,13.1543,0,1]},
{"frame":7,"values":[0.9986,0.0524,0.0008,0,-0.0523,0.9974,-0.0493,0,-0.0034,0.0492,0.9988,0,0,13.1543,0,1]},
{"frame":8,"values":[0.9975,0.0692,0.0135,0,-0.0683,0.9958,-0.0612,0,-0.0177,0.0602,0.998,0,0,13.1543,0,1]},
{"frame":9,"values":[0.9967,0.0763,0.0262,0,-0.0754,0.9966,-0.0328,0,-0.0286,0.0307,0.9991,0,0,13.1543,0,1]},
{"frame":10,"values":[0.9969,0.0687,0.0383,0,-0.069,0.9976,0.0076,0,-0.0377,-0.0103,0.9992,0,0,13.1543,0,1]},
{"frame":11,"values":[0.9977,0.0506,0.0453,0,-0.0521,0.9981,0.0317,0,-0.0436,-0.034,0.9985,0,0,13.1543,0,1]},
{"frame":12,"values":[0.998,0.042,0.0471,0,-0.044,0.9981,0.0423,0,-0.0452,-0.0443,0.998,0,0,13.1543,0,1]},
{"frame":13,"values":[0.9978,0.0481,0.0461,0,-0.0502,0.9977,0.0455,0,-0.0438,-0.0477,0.9979,0,0,13.1543,0,1]},
{"frame":14,"values":[0.9973,0.0591,0.0443,0,-0.0609,0.9973,0.0404,0,-0.0418,-0.0429,0.9982,0,0,13.1543,0,1]},
{"frame":15,"values":[0.9973,0.0628,0.0384,0,-0.0638,0.9977,0.0242,0,-0.0368,-0.0266,0.999,0,0,13.1543,0,1]},
{"frame":16,"values":[0.9985,0.0487,0.0239,0,-0.0487,0.9988,0.0005,0,-0.0238,-0.0016,0.9997,0,0,13.1543,0,1]},
{"frame":17,"values":[0.9996,0.0278,0.0048,0,-0.0277,0.9993,-0.024,0,-0.0055,0.0238,0.9997,0,0,13.1543,0,1]},
{"frame":18,"values":[0.9998,0.0189,-0.0119,0,-0.0194,0.9987,-0.0471,0,0.011,0.0473,0.9988,0,0,13.1543,0,1]},
{"frame":19,"values":[0.9995,0.0209,-0.0235,0,-0.0223,0.9977,-0.0635,0,0.0221,0.0639,0.9977,0,0,13.1543,0,1]},
{"frame":20,"values":[0.9992,0.0243,-0.0304,0,-0.0261,0.9979,-0.0588,0,0.0289,0.0596,0.9978,0,0,13.1543,0,1]},
{"frame":31,"values":[1,0,0,0,0,1,0,0,0,0,1,0,0,13.1543,0,1]},
{"frame":32,"values":[1,0,0,0,0,1,0,0,0,0,1,0,0,13.1543,0,1]}],"loopBehavior":1,"name":"anim","property":"_matrix"}},
{"name":"mixamorig1:Spine2","index":3,"matrix":[0.9993,0.0222,-0.0305,0,-0.0239,0.998,-0.0581,0,0.0291,0.0588,0.9978,0,0,15.0335,0,1],"rest":[1,0,0,0,0,1,0,0,0,0,1,0,0,15.0335,0,1],"parentBoneIndex":2,"length":16.8165
,"animation":{"dataType":3,"framePerSecond":30,"keys":[
{"frame":1,"values":[0.9993,0.0222,-0.0305,0,-0.0239,0.998,-0.0581,0,0.0291,0.0588,0.9978,0,0,15.0335,0,1]},
{"frame":2,"values":[0.9992,0.0204,-0.0337,0,-0.0216,0.9991,-0.0353,0,0.033,0.036,0.9988,0,0,15.0335,0,1]},
{"frame":3,"values":[0.9993,0.0114,-0.0368,0,-0.0118,0.9999,-0.0104,0,0.0367,0.0109,0.9993,0,0,15.0335,0,1]},
{"frame":4,"values":[0.9993,0.0004,-0.0385,0,-0.0003,1,0.0012,0,0.0385,-0.0012,0.9993,0,0,15.0335,0,1]},
{"frame":5,"values":[0.9995,0.0038,-0.0317,0,-0.0038,1,-0.0025,0,0.0317,0.0026,0.9995,0,0,15.0335,0,1]},
{"frame":6,"values":[0.9996,0.025,-0.0162,0,-0.0253,0.9994,-0.0221,0,0.0157,0.0225,0.9996,0,0,15.0335,0,1]},
{"frame":7,"values":[0.9987,0.0515,0.0006,0,-0.0514,0.9974,-0.0507,0,-0.0032,0.0506,0.9987,0,0,15.0335,0,1]},
{"frame":8,"values":[0.9974,0.0705,0.0138,0,-0.0696,0.9958,-0.0599,0,-0.0179,0.0588,0.9981,0,0,15.0335,0,1]},
{"frame":9,"values":[0.9967,0.0766,0.0262,0,-0.076,0.9968,-0.026,0,-0.0281,0.0239,0.9993,0,0,15.0335,0,1]},
{"frame":10,"values":[0.997,0.0665,0.0385,0,-0.0678,0.9971,0.0342,0,-0.0361,-0.0367,0.9987,0,0,15.0335,0,1]},
{"frame":11,"values":[0.9978,0.0467,0.0461,0,-0.0505,0.9951,0.0846,0,-0.042,-0.0867,0.9953,0,0,15.0335,0,1]},
{"frame":12,"values":[0.9982,0.0352,0.0484,0,-0.0404,0.993,0.1109,0,-0.0442,-0.1126,0.9927,0,0,15.0335,0,1]},
{"frame":13,"values":[0.998,0.0403,0.0485,0,-0.0457,0.992,0.1174,0,-0.0434,-0.1194,0.9919,0,0,15.0335,0,1]},
{"frame":14,"values":[0.9975,0.0531,0.0472,0,-0.0578,0.9928,0.1049,0,-0.0412,-0.1074,0.9934,0,0,15.0335,0,1]},
{"frame":15,"values":[0.9975,0.0583,0.0398,0,-0.0609,0.9957,0.0693,0,-0.0356,-0.0715,0.9968,0,0,15.0335,0,1]},
{"frame":16,"values":[0.9986,0.0478,0.0241,0,-0.0483,0.9986,0.0198,0,-0.0231,-0.0209,0.9995,0,0,15.0335,0,1]},
{"frame":17,"values":[0.9995,0.031,0.0048,0,-0.0308,0.9993,-0.0228,0,-0.0055,0.0226,0.9997,0,0,15.0335,0,1]},
{"frame":18,"values":[0.9997,0.0214,-0.0122,0,-0.0219,0.9985,-0.0496,0,0.0111,0.0498,0.9987,0,0,15.0335,0,1]},
{"frame":19,"values":[0.9995,0.0204,-0.0238,0,-0.0219,0.9978,-0.0631,0,0.0225,0.0636,0.9977,0,0,15.0335,0,1]},
{"frame":20,"values":[0.9993,0.0222,-0.0305,0,-0.0239,0.998,-0.0581,0,0.0291,0.0588,0.9978,0,0,15.0335,0,1]},
{"frame":31,"values":[1,0,0,0,0,1,0,0,0,0,1,0,0,15.0335,0,1]},
{"frame":32,"values":[1,0,0,0,0,1,0,0,0,0,1,0,0,15.0335,0,1]}],"loopBehavior":1,"name":"anim","property":"_matrix"}},
{"name":"mixamorig1:Neck","index":4,"matrix":[0.9976,-0.0597,0.034,0,0.0533,0.985,0.1643,0,-0.0433,-0.1621,0.9858,0,0,16.9127,0,1],"rest":[1,0,0,0,0,0.9963,0.0864,0,0,-0.0864,0.9963,0,0,16.9127,0,1],"parentBoneIndex":3,"length":8.8346
,"animation":{"dataType":3,"framePerSecond":30,"keys":[
{"frame":1,"values":[0.9976,-0.0597,0.034,0,0.0533,0.985,0.1643,0,-0.0433,-0.1621,0.9858,0,0,16.9127,0,1]},
{"frame":2,"values":[0.9973,-0.0584,0.0443,0,0.0491,0.9809,0.1883,0,-0.0544,-0.1856,0.9811,0,0,16.9127,0,1]},
{"frame":3,"values":[0.9971,-0.0554,0.0525,0,0.0452,0.9828,0.1788,0,-0.0615,-0.1759,0.9825,0,0,16.9127,0,1]},
{"frame":4,"values":[0.9968,-0.0579,0.0559,0,0.0489,0.9873,0.151,0,-0.0639,-0.1478,0.987,0,0,16.9127,0,1]},
{"frame":5,"values":[0.9959,-0.0753,0.0509,0,0.068,0.9889,0.1324,0,-0.0603,-0.1284,0.9899,0,0,16.9127,0,1]},
{"frame":6,"values":[0.9946,-0.0957,0.0392,0,0.0897,0.987,0.1337,0,-0.0515,-0.1294,0.9903,0,0,16.9127,0,1]},
{"frame":7,"values":[0.9946,-0.1004,0.0248,0,0.0959,0.9853,0.1414,0,-0.0386,-0.1382,0.9896,0,0,16.9127,0,1]},
{"frame":8,"values":[0.9966,-0.0821,0.0114,0,0.0798,0.9876,0.1352,0,-0.0224,-0.1338,0.9907,0,0,16.9127,0,1]},
{"frame":9,"values":[0.9987,-0.0518,-0.0014,0,0.0517,0.9922,0.1133,0,-0.0045,-0.1133,0.9936,0,0,16.9127,0,1]},
{"frame":10,"values":[0.9995,-0.0277,-0.0145,0,0.029,0.9954,0.0916,0,0.0119,-0.092,0.9957,0,0,16.9127,0,1]},
{"frame":11,"values":[0.9995,-0.0187,-0.0253,0,0.0207,0.9965,0.0813,0,0.0237,-0.0817,0.9964,0,0,16.9127,0,1]},
{"frame":12,"values":[0.9993,-0.0192,-0.031,0,0.0216,0.9967,0.0776,0,0.0294,-0.0783,0.9965,0,0,16.9127,0,1]},
{"frame":13,"values":[0.9993,-0.0195,-0.0314,0,0.0217,0.9972,0.072,0,0.0299,-0.0726,0.9969,0,0,16.9127,0,1]},
{"frame":14,"values":[0.9995,-0.017,-0.0277,0,0.0188,0.9978,0.063,0,0.0266,-0.0635,0.9976,0,0,16.9127,0,1]},
{"frame":15,"values":[0.9996,-0.0171,-0.021,0,0.0183,0.9983,0.0552,0,0.02,-0.0556,0.9983,0,0,16.9127,0,1]},
{"frame":16,"values":[0.9996,-0.0244,-0.0119,0,0.025,0.9983,0.0523,0,0.0106,-0.0526,0.9986,0,0,16.9127,0,1]},
{"frame":17,"values":[0.9993,-0.0374,-0.0011,0,0.0374,0.9976,0.0585,0,-0.0011,-0.0585,0.9983,0,0,16.9127,0,1]},
{"frame":18,"values":[0.9987,-0.0504,0.0106,0,0.0494,0.9957,0.0788,0,-0.0145,-0.0782,0.9968,0,0,16.9127,0,1]},
{"frame":19,"values":[0.9981,-0.0578,0.0225,0,0.0548,0.9915,0.1179,0,-0.0291,-0.1164,0.9928,0,0,16.9127,0,1]},
{"frame":20,"values":[0.9976,-0.0597,0.034,0,0.0533,0.985,0.1643,0,-0.0433,-0.1621,0.9858,0,0,16.9127,0,1]},
{"frame":31,"values":[1,0,0,0,0,0.9963,0.0864,0,0,-0.0864,0.9963,0,0,16.9127,0,1]},
{"frame":32,"values":[1,0,0,0,0,0.9963,0.0864,0,0,-0.0864,0.9963,0,0,16.9127,0,1]}],"loopBehavior":1,"name":"anim","property":"_matrix"}},
{"name":"mixamorig1:Head","index":5,"matrix":[0.999,-0.0172,0.0403,0,0.0168,0.9998,0.0102,0,-0.0404,-0.0095,0.9991,0,0,8.3951,2.7518,1],"rest":[1,0,0,0,0,1,0,0,0,0,1,0,0,8.3951,2.7518,1],"parentBoneIndex":4,"length":21.6364
,"animation":{"dataType":3,"framePerSecond":30,"keys":[
{"frame":1,"values":[0.999,-0.0172,0.0403,0,0.0168,0.9998,0.0102,0,-0.0404,-0.0095,0.9991,0,0,8.3951,2.7518,1]},
{"frame":2,"values":[0.9985,-0.0198,0.0514,0,0.0188,0.9996,0.0203,0,-0.0518,-0.0193,0.9985,0,0,8.3951,2.7518,1]},
{"frame":3,"values":[0.998,-0.022,0.0592,0,0.021,0.9996,0.0176,0,-0.0596,-0.0163,0.9981,0,0,8.3951,2.7518,1]},
{"frame":4,"values":[0.9978,-0.0237,0.0617,0,0.0233,0.9997,0.0068,0,-0.0618,-0.0054,0.9981,0,0,8.3951,2.7518,1]},
{"frame":5,"values":[0.9979,-0.0299,0.0573,0,0.03,0.9995,-0.0007,0,-0.0572,0.0024,0.9984,0,0,8.3951,2.7518,1]},
{"frame":6,"values":[0.998,-0.0399,0.0481,0,0.04,0.9992,0.0001,0,-0.0481,0.0018,0.9988,0,0,8.3951,2.7518,1]},
{"frame":7,"values":[0.9982,-0.0479,0.0363,0,0.0478,0.9989,0.0031,0,-0.0364,-0.0014,0.9993,0,0,8.3951,2.7518,1]},
{"frame":8,"values":[0.9986,-0.0471,0.0226,0,0.0471,0.9989,-0.0011,0,-0.0225,0.0021,0.9997,0,0,8.3951,2.7518,1]},
{"frame":9,"values":[0.9993,-0.0368,0.0067,0,0.0369,0.9992,-0.013,0,-0.0062,0.0132,0.9999,0,0,8.3951,2.7518,1]},
{"frame":10,"values":[0.9997,-0.023,-0.0094,0,0.0228,0.9994,-0.0241,0,0.0099,0.0239,0.9997,0,0,8.3951,2.7518,1]},
{"frame":11,"values":[0.9997,-0.0132,-0.0219,0,0.0126,0.9995,-0.0287,0,0.0223,0.0284,0.9993,0,0,8.3951,2.7518,1]},
{"frame":12,"values":[0.9996,-0.0095,-0.0284,0,0.0086,0.9995,-0.0296,0,0.0287,0.0294,0.9992,0,0,8.3951,2.7518,1]},
{"frame":13,"values":[0.9995,-0.0089,-0.0293,0,0.0079,0.9994,-0.0328,0,0.0295,0.0325,0.999,0,0,8.3951,2.7518,1]},
{"frame":14,"values":[0.9996,-0.0088,-0.0259,0,0.0078,0.9992,-0.0389,0,0.0262,0.0387,0.9989,0,0,8.3951,2.7518,1]},
{"frame":15,"values":[0.9998,-0.0096,-0.0193,0,0.0087,0.999,-0.0444,0,0.0197,0.0442,0.9988,0,0,8.3951,2.7518,1]},
{"frame":16,"values":[0.9999,-0.0119,-0.01,0,0.0114,0.9989,-0.0451,0,0.0105,0.045,0.9989,0,0,8.3951,2.7518,1]},
{"frame":17,"values":[0.9999,-0.0149,0.0012,0,0.0149,0.9991,-0.039,0,-0.0006,0.039,0.9992,0,0,8.3951,2.7518,1]},
{"frame":18,"values":[0.9998,-0.0168,0.0136,0,0.0171,0.9995,-0.0265,0,-0.0132,0.0267,0.9996,0,0,8.3951,2.7518,1]},
{"frame":19,"values":[0.9995,-0.0167,0.027,0,0.0169,0.9998,-0.0087,0,-0.0268,0.0091,0.9996,0,0,8.3951,2.7518,1]},
{"frame":20,"values":[0.999,-0.0172,0.0403,0,0.0168,0.9998,0.0102,0,-0.0404,-0.0095,0.9991,0,0,8.3951,2.7518,1]},
{"frame":31,"values":[1,0,0,0,0,1,0,0,0,0,1,0,0,8.3951,2.7518,1]},
{"frame":32,"values":[1,0,0,0,0,1,0,0,0,0,1,0,0,8.3951,2.7518,1]}],"loopBehavior":1,"name":"anim","property":"_matrix"}},
{"name":"mixamorig1:HeadTop_End","index":6,"matrix":[1,0,0,0,0,1,0,0,0,0,1,0,0,20.56,6.7392,1],"rest":[1,0,0,0,0,1,0,0,0,0,1,0,0,20.56,6.7392,1],"parentBoneIndex":5,"length":21.6364
,"animation":{"dataType":3,"framePerSecond":30,"keys":[
{"frame":1,"values":[1,0,0,0,0,1,0,0,0,0,1,0,0,20.56,6.7392,1]},
{"frame":8,"values":[1,0,0,0,0,1,0,0,0,0,1,0,0,20.56,6.7393,1]},
{"frame":9,"values":[1,0,0,0,0,1,0,0,0,0,1,0,0,20.56,6.7392,1]},
{"frame":12,"values":[1,0,0,0,0,1,0,0,0,0,1,0,0,20.5601,6.7392,1]},
{"frame":13,"values":[1,0,0,0,0,1,0,0,0,0,1,0,0,20.56,6.7392,1]},
{"frame":15,"values":[1,0,0,0,0,1,0,0,0,0,1,0,0,20.5601,6.7392,1]},
{"frame":16,"values":[1,0,0,0,0,1,0,0,0,0,1,0,0,20.56,6.7392,1]},
{"frame":20,"values":[1,0,0,0,0,1,0,0,0,0,1,0,0,20.56,6.7392,1]},
{"frame":31,"values":[1,0,0,0,0,1,0,0,0,0,1,0,0,20.56,6.7392,1]},
{"frame":32,"values":[1,0,0,0,0,1,0,0,0,0,1,0,0,20.56,6.7392,1]}],"loopBehavior":1,"name":"anim","property":"_matrix"}},
{"name":"mixamorig1:LeftShoulder","index":7,"matrix":[0.1122,0.0468,-0.9926,0,0.9462,-0.3101,0.0923,0,-0.3035,-0.9495,-0.0791,0,7.2655,15.1161,-0.2062,1],"rest":[-0.0279,-0.0002,-0.9996,0,0.9716,-0.2351,-0.0271,0,-0.235,-0.972,0.0068,0,7.2655,15.1161,-0.2062,1],"parentBoneIndex":3,"length":15.0985
,"animation":{"dataType":3,"framePerSecond":30,"keys":[
{"frame":1,"values":[0.1122,0.0468,-0.9926,0,0.9462,-0.3101,0.0923,0,-0.3035,-0.9495,-0.0791,0,7.2655,15.1161,-0.2062,1]},
{"frame":2,"values":[0.1091,0.0448,-0.993,0,0.9516,-0.2935,0.0913,0,-0.2874,-0.9549,-0.0747,0,7.2655,15.1161,-0.2062,1]},
{"frame":3,"values":[0.1082,0.0438,-0.9932,0,0.9545,-0.2838,0.0914,0,-0.2779,-0.9579,-0.0726,0,7.2655,15.1162,-0.2062,1]},
{"frame":4,"values":[0.1173,0.0476,-0.992,0,0.9469,-0.3064,0.0972,0,-0.2993,-0.9507,-0.081,0,7.2655,15.1162,-0.2062,1]},
{"frame":5,"values":[0.1368,0.0555,-0.989,0,0.9275,-0.3578,0.1082,0,-0.3479,-0.9321,-0.1004,0,7.2655,15.1162,-0.2062,1]},
{"frame":6,"values":[0.1592,0.0633,-0.9852,0,0.9087,-0.3994,0.1212,0,-0.3858,-0.9146,-0.1211,0,7.2655,15.1161,-0.2062,1]},
{"frame":7,"values":[0.1719,0.067,-0.9828,0,0.9003,-0.4156,0.1291,0,-0.3999,-0.9071,-0.1318,0,7.2655,15.1162,-0.2062,1]},
{"frame":8,"values":[0.1456,0.0608,-0.9875,0,0.9125,-0.3939,0.1103,0,-0.3823,-0.9171,-0.1128,0,7.2655,15.1162,-0.2062,1]},
{"frame":9,"values":[0.089,0.046,-0.995,0,0.9361,-0.345,0.0678,0,-0.3402,-0.9375,-0.0737,0,7.2655,15.1161,-0.2062,1]},
{"frame":10,"values":[0.0374,0.031,-0.9988,0,0.9573,-0.2877,0.0269,0,-0.2866,-0.9572,-0.0404,0,7.2655,15.1162,-0.2062,1]},
{"frame":11,"values":[0.0018,0.0204,-0.9998,0,0.9682,-0.25,-0.0034,0,-0.25,-0.968,-0.0202,0,7.2655,15.1162,-0.2062,1]},
{"frame":12,"values":[-0.0058,0.0189,-0.9998,0,0.9683,-0.2494,-0.0104,0,-0.2496,-0.9682,-0.0168,0,7.2655,15.1161,-0.2062,1]},
{"frame":13,"values":[0.0131,0.024,-0.9996,0,0.9645,-0.2638,0.0063,0,-0.2636,-0.9643,-0.0266,0,7.2655,15.1161,-0.2062,1]},
{"frame":14,"values":[0.0424,0.0318,-0.9986,0,0.9582,-0.2844,0.0316,0,-0.283,-0.9582,-0.0426,0,7.2655,15.1162,-0.2062,1]},
{"frame":15,"values":[0.0686,0.0388,-0.9969,0,0.9498,-0.3083,0.0533,0,-0.3053,-0.9505,-0.058,0,7.2655,15.1161,-0.2062,1]},
{"frame":16,"values":[0.0905,0.0443,-0.9949,0,0.9425,-0.3265,0.0711,0,-0.3217,-0.9441,-0.0713,0,7.2655,15.1162,-0.2062,1]},
{"frame":17,"values":[0.1169,0.0514,-0.9918,0,0.9334,-0.3469,0.092,0,-0.3394,-0.9365,-0.0885,0,7.2655,15.1162,-0.2062,1]},
{"frame":18,"values":[0.1305,0.0546,-0.9899,0,0.9291,-0.3553,0.1029,0,-0.3461,-0.9332,-0.0971,0,7.2655,15.1162,-0.2062,1]},
{"frame":19,"values":[0.1196,0.0504,-0.9915,0,0.9384,-0.3318,0.0963,0,-0.3242,-0.942,-0.087,0,7.2655,15.1161,-0.2062,1]},
{"frame":20,"values":[0.1122,0.0468,-0.9926,0,0.9462,-0.3101,0.0923,0,-0.3035,-0.9495,-0.0791,0,7.2655,15.1161,-0.2062,1]},
{"frame":31,"values":[-0.027,-0.0005,-0.9996,0,0.974,-0.225,-0.0262,0,-0.2249,-0.9744,0.0066,0,7.2655,15.1162,-0.2062,1]},
{"frame":32,"values":[-0.027,-0.0005,-0.9996,0,0.974,-0.225,-0.0262,0,-0.2249,-0.9744,0.0066,0,7.2655,15.1162,-0.2062,1]}],"loopBehavior":1,"name":"anim","property":"_matrix"}},
{"name":"mixamorig1:LeftArm","index":8,"matrix":[0.4268,-0.3232,-0.8446,0,0.8279,0.5155,0.221,0,0.364,-0.7936,0.4876,0,0,15.0985,0,1],"rest":[0.9985,-0.0554,0,0,0.0549,0.9902,-0.1284,0,0.0071,0.1282,0.9917,0,0,15.0985,0,1],"parentBoneIndex":7,"length":22.6446
,"animation":{"dataType":3,"framePerSecond":30,"keys":[
{"frame":1,"values":[0.4268,-0.3232,-0.8446,0,0.8279,0.5155,0.221,0,0.364,-0.7936,0.4876,0,0,15.0985,0,1]},
{"frame":2,"values":[0.315,-0.4067,-0.8576,0,0.8686,0.4877,0.0878,0,0.3825,-0.7725,0.5068,0,0,15.0985,0,1]},
{"frame":3,"values":[0.3176,-0.4471,-0.8362,0,0.8833,0.4603,0.0893,0,0.345,-0.767,0.5411,0,0,15.0985,0,1]},
{"frame":4,"values":[0.4306,-0.4523,-0.7811,0,0.864,0.4567,0.2119,0,0.2609,-0.7661,0.5874,0,0,15.0985,0,1]},
{"frame":5,"values":[0.5865,-0.4298,-0.6865,0,0.7935,0.4751,0.3804,0,0.1626,-0.7678,0.6197,0,0,15.0985,0,1]},
{"frame":6,"values":[0.7319,-0.3621,-0.5773,0,0.6727,0.5192,0.5272,0,0.1088,-0.7742,0.6235,0,0,15.0985,0,1]},
{"frame":7,"values":[0.8739,-0.2311,-0.4276,0,0.4737,0.6015,0.6432,0,0.1085,-0.7647,0.6351,0,0,15.0985,0,1]},
{"frame":8,"values":[0.9858,-0.0275,-0.1655,0,0.1411,0.6694,0.7294,0,0.0907,-0.7424,0.6638,0,0,15.0985,0,1]},
{"frame":9,"values":[0.9682,0.1646,0.1886,0,-0.2502,0.6563,0.7118,0,-0.0066,-0.7363,0.6766,0,0,15.0985,0,1]},
{"frame":10,"values":[0.8474,0.2613,0.4623,0,-0.5111,0.6375,0.5766,0,-0.144,-0.7248,0.6737,0,0,15.0985,0,1]},
{"frame":11,"values":[0.7601,0.3206,0.5652,0,-0.6068,0.6614,0.4408,0,-0.2325,-0.678,0.6973,0,0,15.0985,0,1]},
{"frame":12,"values":[0.7563,0.3801,0.5325,0,-0.6162,0.6873,0.3847,0,-0.2198,-0.619,0.754,0,0,15.0985,0,1]},
{"frame":13,"values":[0.836,0.3878,0.3882,0,-0.5405,0.7037,0.4611,0,-0.0944,-0.5953,0.7979,0,0,15.0985,0,1]},
{"frame":14,"values":[0.9414,0.3058,0.1424,0,-0.3245,0.706,0.6295,0,0.092,-0.6388,0.7638,0,0,15.0985,0,1]},
{"frame":15,"values":[0.9729,0.1839,-0.1399,0,-0.0196,0.669,0.743,0,0.2302,-0.7202,0.6545,0,0,15.0985,0,1]},
{"frame":16,"values":[0.9314,0.0495,-0.3605,0,0.2541,0.6207,0.7417,0,0.2605,-0.7825,0.5656,0,0,15.0985,0,1]},
{"frame":17,"values":[0.8598,-0.0939,-0.502,0,0.4584,0.575,0.6776,0,0.225,-0.8127,0.5375,0,0,15.0985,0,1]},
{"frame":18,"values":[0.7584,-0.1897,-0.6235,0,0.6134,0.5312,0.5845,0,0.2203,-0.8258,0.5192,0,0,15.0985,0,1]},
{"frame":19,"values":[0.6042,-0.2396,-0.7599,0,0.7408,0.5202,0.425,0,0.2935,-0.8197,0.4918,0,0,15.0985,0,1]},
{"frame":20,"values":[0.4268,-0.3232,-0.8446,0,0.8279,0.5155,0.221,0,0.364,-0.7936,0.4876,0,0,15.0985,0,1]},
{"frame":31,"values":[0.9996,0.0247,-0.0129,0,-0.027,0.974,-0.2249,0,0.007,0.2252,0.9743,0,0,15.0985,0,1]},
{"frame":32,"values":[0.9996,0.0247,-0.0129,0,-0.027,0.974,-0.2249,0,0.007,0.2252,0.9743,0,0,15.0985,0,1]}],"loopBehavior":1,"name":"anim","property":"_matrix"}},
{"name":"mixamorig1:LeftForeArm","index":9,"matrix":[0.3074,0.9492,0.0672,0,-0.9501,0.3024,0.0762,0,0.052,-0.0873,0.9948,0,0,22.6446,0,1],"rest":[0.9704,0.2415,0,0,-0.2404,0.966,-0.0955,0,-0.0231,0.0927,0.9954,0,0,22.6446,0,1],"parentBoneIndex":8,"length":27.2925
,"animation":{"dataType":3,"framePerSecond":30,"keys":[
{"frame":1,"values":[0.3074,0.9492,0.0672,0,-0.9501,0.3024,0.0762,0,0.052,-0.0873,0.9948,0,0,22.6446,0,1]},
{"frame":2,"values":[0.1536,0.9849,0.0796,0,-0.9859,0.1474,0.079,0,0.0661,-0.0906,0.9937,0,0,22.6446,0,1]},
{"frame":3,"values":[0.1383,0.9871,0.0808,0,-0.9881,0.132,0.0792,0,0.0675,-0.0908,0.9936,0,0,22.6446,0,1]},
{"frame":4,"values":[0.2193,0.9728,0.0743,0,-0.9738,0.2135,0.0781,0,0.0601,-0.0895,0.9942,0,0,22.6446,0,1]},
{"frame":5,"values":[0.2432,0.9673,0.0724,0,-0.9683,0.2376,0.0776,0,0.0579,-0.089,0.9944,0,0,22.6446,0,1]},
{"frame":6,"values":[0.1477,0.9858,0.0801,0,-0.9868,0.1414,0.0791,0,0.0667,-0.0907,0.9936,0,0,22.6447,0,1]},
{"frame":7,"values":[-0.0507,0.9941,0.096,0,-0.9951,-0.0584,0.0798,0,0.0849,-0.0914,0.9922,0,0,22.6447,0,1]},
{"frame":8,"values":[-0.2171,0.97,0.1093,0,-0.971,-0.2261,0.0778,0,0.1002,-0.0892,0.991,0,0,22.6446,0,1]},
{"frame":9,"values":[-0.229,0.9672,0.1103,0,-0.9681,-0.2381,0.0776,0,0.1013,-0.089,0.9909,0,0,22.6446,0,1]},
{"frame":10,"values":[-0.1697,0.9798,0.1055,0,-0.9808,-0.1783,0.0786,0,0.0959,-0.0901,0.9913,0,0,22.6446,0,1]},
{"frame":11,"values":[-0.2232,0.9686,0.1098,0,-0.9696,-0.2322,0.0777,0,0.1008,-0.0891,0.9909,0,0,22.6447,0,1]},
{"frame":12,"values":[-0.369,0.9215,0.1215,0,-0.9224,-0.3791,0.0739,0,0.1142,-0.0848,0.9898,0,0,22.6446,0,1]},
{"frame":13,"values":[-0.4531,0.8822,0.1282,0,-0.8831,-0.4639,0.0708,0,0.1219,-0.0811,0.9892,0,0,22.6446,0,1]},
{"frame":14,"values":[-0.4246,0.8966,0.1259,0,-0.8975,-0.4352,0.0719,0,0.1193,-0.0825,0.9894,0,0,22.6446,0,1]},
{"frame":15,"values":[-0.3019,0.9462,0.1161,0,-0.9472,-0.3116,0.0759,0,0.108,-0.087,0.9903,0,0,22.6446,0,1]},
{"frame":16,"values":[-0.0846,0.9915,0.0987,0,-0.9925,-0.0926,0.0796,0,0.088,-0.0912,0.9919,0,0,22.6446,0,1]},
{"frame":17,"values":[0.1933,0.9782,0.0764,0,-0.9791,0.1874,0.0785,0,0.0625,-0.09,0.994,0,0,22.6446,0,1]},
{"frame":18,"values":[0.4187,0.9063,0.0583,0,-0.9072,0.4144,0.0727,0,0.0417,-0.0834,0.9956,0,0,22.6447,0,1]},
{"frame":19,"values":[0.4517,0.8904,0.0557,0,-0.8913,0.4477,0.0715,0,0.0387,-0.0819,0.9959,0,0,22.6446,0,1]},
{"frame":20,"values":[0.3074,0.9492,0.0672,0,-0.9501,0.3024,0.0762,0,0.052,-0.0873,0.9948,0,0,22.6446,0,1]},
{"frame":31,"values":[0.9999,0,0.0117,0,0,1,0,0,-0.0117,0,0.9999,0,0,22.6446,0,1]},
{"frame":32,"values":[0.9999,0,0.0117,0,0,1,0,0,-0.0117,0,0.9999,0,0,22.6446,0,1]}],"loopBehavior":1,"name":"anim","property":"_matrix"}},
{"name":"mixamorig1:LeftHand","index":10,"matrix":[0.9812,-0.1642,0.101,0,0.1595,0.9858,0.0524,0,-0.1082,-0.0353,0.9935,0,0,27.2925,0,1],"rest":[0.9869,0.0184,0.1603,0,-0.0588,0.9662,0.2509,0,-0.1503,-0.257,0.9547,0,0,27.2925,0,1],"parentBoneIndex":9,"length":10.1165
,"animation":{"dataType":3,"framePerSecond":30,"keys":[
{"frame":1,"values":[0.9812,-0.1642,0.101,0,0.1595,0.9858,0.0524,0,-0.1082,-0.0353,0.9935,0,0,27.2925,0,1]},
{"frame":2,"values":[0.9558,-0.2424,0.1663,0,0.228,0.9684,0.1013,0,-0.1856,-0.0589,0.9809,0,0,27.2925,0,1]},
{"frame":3,"values":[0.9434,-0.2427,0.226,0,0.2305,0.9698,0.0796,0,-0.2385,-0.023,0.9709,0,0,27.2925,0,1]},
{"frame":4,"values":[0.9559,-0.1342,0.2613,0,0.1485,0.9883,-0.0358,0,-0.2534,0.073,0.9646,0,0,27.2925,0,1]},
{"frame":5,"values":[0.9346,-0.0135,0.3553,0,0.0729,0.9853,-0.1545,0,-0.348,0.1703,0.9219,0,0,27.2925,0,1]},
{"frame":6,"values":[0.9076,-0.049,0.4169,0,0.1439,0.9693,-0.1993,0,-0.3944,0.2409,0.8868,0,0,27.2925,0,1]},
{"frame":7,"values":[0.9326,-0.2003,0.3001,0,0.2628,0.947,-0.1847,0,-0.2472,0.2511,0.9359,0,0,27.2925,0,1]},
{"frame":8,"values":[0.9616,-0.274,0.0145,0,0.273,0.9501,-0.151,0,0.0276,0.1491,0.9884,0,0,27.2925,0,1]},
{"frame":9,"values":[0.9737,-0.162,-0.1602,0,0.1461,0.9835,-0.1064,0,0.1748,0.0802,0.9813,0,0,27.2925,0,1]},
{"frame":10,"values":[0.9954,-0.0523,-0.0797,0,0.0467,0.9964,-0.0701,0,0.0831,0.0661,0.9944,0,0,27.2925,0,1]},
{"frame":11,"values":[0.9835,-0.1293,0.1264,0,0.1398,0.9871,-0.0782,0,-0.1146,0.0946,0.9889,0,0,27.2925,0,1]},
{"frame":12,"values":[0.9044,-0.3178,0.2846,0,0.3618,0.9249,-0.117,0,-0.226,0.2088,0.9515,0,0,27.2925,0,1]},
{"frame":13,"values":[0.8523,-0.428,0.3006,0,0.4846,0.8625,-0.1458,0,-0.1969,0.2699,0.9425,0,0,27.2925,0,1]},
{"frame":14,"values":[0.906,-0.384,0.1778,0,0.4096,0.9015,-0.1398,0,-0.1066,0.1995,0.9741,0,0,27.2925,0,1]},
{"frame":15,"values":[0.9759,-0.2145,0.0411,0,0.217,0.9737,-0.07,0,-0.025,0.0772,0.9967,0,0,27.2925,0,1]},
{"frame":16,"values":[0.9989,-0.0464,0.0025,0,0.0463,0.9988,0.0173,0,-0.0033,-0.0172,0.9998,0,0,27.2925,0,1]},
{"frame":17,"values":[0.9995,0.0203,0.0253,0,-0.0213,0.9989,0.0418,0,-0.0244,-0.0423,0.9988,0,0,27.2925,0,1]},
{"frame":18,"values":[0.9992,-0.001,0.0393,0,0.0007,1,0.0062,0,-0.0393,-0.0062,0.9992,0,0,27.2925,0,1]},
{"frame":19,"values":[0.9963,-0.0684,0.0514,0,0.0686,0.9976,-0.0004,0,-0.0512,0.0039,0.9987,0,0,27.2925,0,1]},
{"frame":20,"values":[0.9812,-0.1642,0.101,0,0.1595,0.9858,0.0524,0,-0.1082,-0.0353,0.9935,0,0,27.2925,0,1]},
{"frame":31,"values":[0.9938,-0.0948,-0.0583,0,0.095,0.9955,0.0014,0,0.0579,-0.007,0.9983,0,0,27.2925,0,1]},
{"frame":32,"values":[0.9938,-0.0948,-0.0583,0,0.095,0.9955,0.0014,0,0.0579,-0.007,0.9983,0,0,27.2925,0,1]}],"loopBehavior":1,"name":"anim","property":"_matrix"}},
{"name":"mixamorig1:LeftHandThumb1","index":11,"matrix":[0.8298,0.5545,-0.0626,0,-0.4992,0.7877,0.361,0,0.2495,-0.2683,0.9305,0,-2.8415,3.3483,1.4004,1],"rest":[0.7377,0.6752,0,0,-0.6432,0.7027,0.304,0,0.2053,-0.2243,0.9527,0,-2.8415,3.3483,1.4004,1],"parentBoneIndex":10,"length":3.6875
,"animation":{"dataType":3,"framePerSecond":30,"keys":[
{"frame":1,"values":[0.8298,0.5545,-0.0626,0,-0.4992,0.7877,0.361,0,0.2495,-0.2683,0.9305,0,-2.8415,3.3483,1.4004,1]},
{"frame":2,"values":[0.825,0.5617,-0.0621,0,-0.5059,0.7829,0.3621,0,0.252,-0.2673,0.9301,0,-2.8415,3.3483,1.4004,1]},
{"frame":3,"values":[0.814,0.5776,-0.0607,0,-0.5206,0.772,0.3646,0,0.2575,-0.2652,0.9292,0,-2.8415,3.3483,1.4004,1]},
{"frame":4,"values":[0.806,0.5889,-0.0597,0,-0.531,0.764,0.3664,0,0.2614,-0.2636,0.9286,0,-2.8415,3.3483,1.4004,1]},
{"frame":5,"values":[0.8133,0.5787,-0.0606,0,-0.5216,0.7713,0.3648,0,0.2578,-0.265,0.9291,0,-2.8415,3.3483,1.4004,1]},
{"frame":6,"values":[0.8246,0.5616,-0.0682,0,-0.507,0.787,0.3515,0,0.2511,-0.2553,0.9337,0,-2.8415,3.3483,1.4004,1]},
{"frame":7,"values":[0.8342,0.5454,-0.0821,0,-0.4977,0.8085,0.3139,0,0.2376,-0.221,0.9459,0,-2.8415,3.3483,1.4004,1]},
{"frame":8,"values":[0.8532,0.5141,-0.0875,0,-0.479,0.8389,0.2584,0,0.2063,-0.1785,0.9621,0,-2.8415,3.3483,1.4004,1]},
{"frame":9,"values":[0.874,0.4783,-0.0853,0,-0.4558,0.868,0.197,0,0.1683,-0.1333,0.9767,0,-2.8415,3.3483,1.4004,1]},
{"frame":10,"values":[0.892,0.4454,-0.0775,0,-0.4325,0.8906,0.141,0,0.1319,-0.0923,0.987,0,-2.8415,3.3483,1.4004,1]},
{"frame":11,"values":[0.904,0.4219,-0.0696,0,-0.4144,0.9045,0.1013,0,0.1057,-0.0627,0.9924,0,-2.8415,3.3483,1.4004,1]},
{"frame":12,"values":[0.9082,0.4128,-0.0684,0,-0.4068,0.9094,0.0867,0,0.098,-0.0509,0.9939,0,-2.8415,3.3483,1.4004,1]},
{"frame":13,"values":[0.906,0.4166,-0.0756,0,-0.4093,0.9074,0.0948,0,0.1081,-0.0549,0.9926,0,-2.8415,3.3483,1.4004,1]},
{"frame":14,"values":[0.8988,0.43,-0.0857,0,-0.419,0.8999,0.1209,0,0.1292,-0.0728,0.989,0,-2.8415,3.3483,1.4004,1]},
{"frame":15,"values":[0.8882,0.4502,-0.0921,0,-0.433,0.887,0.1605,0,0.154,-0.1027,0.9827,0,-2.8415,3.3483,1.4004,1]},
{"frame":16,"values":[0.8706,0.4838,-0.0897,0,-0.4553,0.8612,0.226,0,0.1866,-0.1559,0.97,0,-2.8415,3.3483,1.4004,1]},
{"frame":17,"values":[0.8473,0.5255,-0.0769,0,-0.4817,0.8213,0.3057,0,0.2238,-0.2219,0.949,0,-2.8415,3.3483,1.4004,1]},
{"frame":18,"values":[0.8295,0.5551,-0.0626,0,-0.4997,0.7874,0.361,0,0.2497,-0.2682,0.9304,0,-2.8415,3.3483,1.4004,1]},
{"frame":19,"values":[0.8297,0.5546,-0.0626,0,-0.4993,0.7877,0.361,0,0.2495,-0.2682,0.9305,0,-2.8415,3.3483,1.4004,1]},
{"frame":20,"values":[0.8298,0.5545,-0.0626,0,-0.4992,0.7877,0.361,0,0.2495,-0.2683,0.9305,0,-2.8415,3.3483,1.4004,1]},
{"frame":31,"values":[0.7917,0.6102,-0.0285,0,-0.5323,0.712,0.458,0,0.2998,-0.3474,0.8885,0,-2.8415,3.3483,1.4004,1]},
{"frame":32,"values":[0.7917,0.6102,-0.0285,0,-0.5323,0.712,0.458,0,0.2998,-0.3474,0.8885,0,-2.8415,3.3483,1.4004,1]}],"loopBehavior":1,"name":"anim","property":"_matrix"}},
{"name":"mixamorig1:LeftHandThumb2","index":12,"matrix":[0.9901,-0.1405,-0.0048,0,0.1406,0.9898,0.0216,0,0.0017,-0.0221,0.9998,0,0.1317,3.6851,0,1],"rest":[1,0,0,0,0,0.9944,0.1052,0,0,-0.1052,0.9944,0,0.1317,3.6851,0,1],"parentBoneIndex":11,"length":3.5665
,"animation":{"dataType":3,"framePerSecond":30,"keys":[
{"frame":1,"values":[0.9901,-0.1405,-0.0048,0,0.1406,0.9898,0.0216,0,0.0017,-0.0221,0.9998,0,0.1317,3.6851,0,1]},
{"frame":2,"values":[0.9916,-0.1287,-0.0086,0,0.1289,0.9914,0.0221,0,0.0057,-0.023,0.9997,0,0.1317,3.6851,0,1]},
{"frame":3,"values":[0.9946,-0.1025,-0.0171,0,0.1029,0.9944,0.0232,0,0.0146,-0.0249,0.9996,0,0.1317,3.6851,0,1]},
{"frame":4,"values":[0.9962,-0.0836,-0.0231,0,0.0842,0.9962,0.0242,0,0.021,-0.026,0.9994,0,0.1317,3.6851,0,1]},
{"frame":5,"values":[0.9948,-0.1007,-0.0176,0,0.1011,0.9946,0.0233,0,0.0152,-0.025,0.9996,0,0.1317,3.6851,0,1]},
{"frame":6,"values":[0.9914,-0.1303,-0.0081,0,0.1304,0.9912,0.022,0,0.0052,-0.0229,0.9997,0,0.1317,3.6851,0,1]},
{"frame":7,"values":[0.9902,-0.1396,-0.0051,0,0.1397,0.99,0.0217,0,0.002,-0.0222,0.9998,0,0.1317,3.6851,0,1]},
{"frame":11,"values":[0.9872,-0.1596,0.0014,0,0.1595,0.987,0.021,0,-0.0047,-0.0205,0.9998,0,0.1317,3.6851,0,1]},
{"frame":12,"values":[0.9763,-0.2155,0.0197,0,0.2151,0.9764,0.0199,0,-0.0236,-0.0152,0.9996,0,0.1317,3.6851,0,1]},
{"frame":14,"values":[0.9872,-0.1596,0.0014,0,0.1595,0.987,0.021,0,-0.0047,-0.0205,0.9998,0,0.1317,3.6851,0,1]},
{"frame":15,"values":[0.9902,-0.1396,-0.0051,0,0.1397,0.99,0.0217,0,0.002,-0.0222,0.9998,0,0.1317,3.6851,0,1]},
{"frame":19,"values":[0.9901,-0.1404,-0.0049,0,0.1404,0.9899,0.0217,0,0.0018,-0.0221,0.9998,0,0.1317,3.6851,0,1]},
{"frame":20,"values":[0.9901,-0.1405,-0.0048,0,0.1406,0.9898,0.0216,0,0.0017,-0.0221,0.9998,0,0.1317,3.6851,0,1]},
{"frame":31,"values":[0.9999,0.0141,-0.0045,0,-0.0141,0.9999,0.0002,0,0.0045,-0.0002,1,0,0.1317,3.6851,0,1]},
{"frame":32,"values":[0.9999,0.0141,-0.0045,0,-0.0141,0.9999,0.0002,0,0.0045,-0.0002,1,0,0.1317,3.6851,0,1]}],"loopBehavior":1,"name":"anim","property":"_matrix"}},
{"name":"mixamorig1:LeftHandThumb3","index":13,"matrix":[0.9814,-0.192,0.0045,0,0.192,0.9805,-0.0422,0,0.0036,0.0423,0.9991,0,0.1775,3.5621,0,1],"rest":[1,0,0,0,0,0.9995,-0.0321,0,0,0.0321,0.9995,0,0.1775,3.5621,0,1],"parentBoneIndex":12,"length":2.7853
,"animation":{"dataType":3,"framePerSecond":30,"keys":[
{"frame":1,"values":[0.9814,-0.192,0.0045,0,0.192,0.9805,-0.0422,0,0.0036,0.0423,0.9991,0,0.1775,3.5621,0,1]},
{"frame":2,"values":[0.9825,-0.1862,0.0025,0,0.1861,0.9816,-0.0424,0,0.0054,0.0421,0.9991,0,0.1775,3.5621,0,1]},
{"frame":3,"values":[0.9849,-0.1733,-0.002,0,0.173,0.984,-0.0428,0,0.0094,0.0418,0.9991,0,0.1775,3.5621,0,1]},
{"frame":4,"values":[0.9864,-0.164,-0.0053,0,0.1636,0.9856,-0.0431,0,0.0122,0.0416,0.9991,0,0.1775,3.5621,0,1]},
{"frame":5,"values":[0.985,-0.1724,-0.0023,0,0.1721,0.9841,-0.0428,0,0.0097,0.0418,0.9991,0,0.1775,3.5621,0,1]},
{"frame":6,"values":[0.9824,-0.1869,0.0028,0,0.1869,0.9815,-0.0423,0,0.0052,0.0421,0.9991,0,0.1775,3.5621,0,1]},
{"frame":7,"values":[0.9815,-0.1915,0.0044,0,0.1915,0.9806,-0.0422,0,0.0038,0.0422,0.9991,0,0.1775,3.5621,0,1]},
{"frame":11,"values":[0.9795,-0.2013,0.0078,0,0.2015,0.9786,-0.0418,0,0.0007,0.0425,0.9991,0,0.1775,3.5621,0,1]},
{"frame":12,"values":[0.9733,-0.229,0.0176,0,0.2295,0.9725,-0.0405,0,-0.0078,0.0435,0.999,0,0.1775,3.5621,0,1]},
{"frame":14,"values":[0.9795,-0.2013,0.0078,0,0.2015,0.9786,-0.0418,0,0.0007,0.0425,0.9991,0,0.1775,3.5621,0,1]},
{"frame":15,"values":[0.9815,-0.1915,0.0044,0,0.1915,0.9806,-0.0422,0,0.0038,0.0422,0.9991,0,0.1775,3.5621,0,1]},
{"frame":19,"values":[0.9814,-0.1919,0.0045,0,0.1919,0.9805,-0.0422,0,0.0037,0.0423,0.9991,0,0.1775,3.5621,0,1]},
{"frame":20,"values":[0.9814,-0.192,0.0045,0,0.192,0.9805,-0.0422,0,0.0036,0.0423,0.9991,0,0.1775,3.5621,0,1]},
{"frame":31,"values":[0.9871,-0.1603,-0.001,0,0.1603,0.9871,-0.0001,0,0.001,0,1,0,0.1775,3.5621,0,1]},
{"frame":32,"values":[0.9871,-0.1603,-0.001,0,0.1603,0.9871,-0.0001,0,0.001,0,1,0,0.1775,3.5621,0,1]}],"loopBehavior":1,"name":"anim","property":"_matrix"}},
{"name":"mixamorig1:LeftHandThumb4","index":14,"matrix":[1,0,0,0,0,1,0,0,0,0,1,0,-0.3092,2.7681,0,1],"rest":[1,0,0,0,0,1,0,0,0,0,1,0,-0.3092,2.7681,0,1],"parentBoneIndex":13,"length":2.7853
,"animation":{"dataType":3,"framePerSecond":30,"keys":[
{"frame":1,"values":[1,0,0,0,0,1,0,0,0,0,1,0,-0.3092,2.7681,0,1]},
{"frame":11,"values":[1,0,0,0,0,1,0,0,0,0,1,0,-0.3093,2.7681,0,1]},
{"frame":12,"values":[1,0,0,0,0,1,0,0,0,0,1,0,-0.3092,2.7681,0,1]},
{"frame":20,"values":[1,0,0,0,0,1,0,0,0,0,1,0,-0.3092,2.7681,0,1]},
{"frame":31,"values":[1,0,0,0,0,1,0,0,0,0,1,0,-0.3092,2.7681,0,1]},
{"frame":32,"values":[1,0,0,0,0,1,0,0,0,0,1,0,-0.3092,2.7681,0,1]}],"loopBehavior":1,"name":"anim","property":"_matrix"}},
{"name":"mixamorig1:LeftHandIndex1","index":15,"matrix":[0.9942,0.1072,-0.002,0,-0.1065,0.9896,0.0963,0,0.0123,-0.0955,0.9954,0,-3.4182,11.0331,-0.0128,1],"rest":[0.9722,0.2342,0,0,-0.2339,0.9709,0.0524,0,0.0123,-0.051,0.9986,0,-3.4182,11.0331,-0.0128,1],"parentBoneIndex":10,"length":3.1474
,"animation":{"dataType":3,"framePerSecond":30,"keys":[
{"frame":1,"values":[0.9942,0.1072,-0.002,0,-0.1065,0.9896,0.0963,0,0.0123,-0.0955,0.9954,0,-3.4182,11.0331,-0.0128,1]},
{"frame":2,"values":[0.9945,0.1051,-0.0019,0,-0.1043,0.9885,0.1098,0,0.0134,-0.109,0.994,0,-3.4182,11.0331,-0.0128,1]},
{"frame":3,"values":[0.9944,0.1059,-0.0019,0,-0.1051,0.989,0.1045,0,0.013,-0.1037,0.9945,0,-3.4182,11.0331,-0.0128,1]},
{"frame":4,"values":[0.9941,0.1089,-0.0022,0,-0.1083,0.9905,0.085,0,0.0114,-0.0843,0.9964,0,-3.4182,11.0331,-0.0128,1]},
{"frame":5,"values":[0.9933,0.1158,-0.0031,0,-0.1156,0.9925,0.0393,0,0.0076,-0.0386,0.9992,0,-3.4182,11.0331,-0.0128,1]},
{"frame":6,"values":[0.9931,0.1174,-0.0033,0,-0.1173,0.9927,0.0288,0,0.0067,-0.0282,0.9996,0,-3.4182,11.0331,-0.0128,1]},
{"frame":7,"values":[0.9934,0.1147,-0.0029,0,-0.1144,0.9923,0.0469,0,0.0083,-0.0463,0.9989,0,-3.4182,11.0331,-0.0128,1]},
{"frame":8,"values":[0.9932,0.1168,-0.0032,0,-0.1166,0.9926,0.033,0,0.007,-0.0324,0.9995,0,-3.4182,11.0331,-0.0128,1]},
{"frame":9,"values":[0.993,0.1178,-0.0034,0,-0.1177,0.9927,0.026,0,0.0064,-0.0255,0.9997,0,-3.4182,11.0331,-0.0128,1]},
{"frame":19,"values":[0.9935,0.1135,-0.0027,0,-0.1132,0.9921,0.0547,0,0.0089,-0.0541,0.9985,0,-3.4182,11.0331,-0.0128,1]},
