{"producer":{"name":"Blender","version":"2.92.0","exporter_version":"2.80.1","file":"crypto.babylon"},
"autoClear":true,"clearColor":[0.0509,0.0509,0.0509],"gravity":[0,-9.81,0],
"materials":[{"name":"Ch45_Body","id":"Ch45_Body","customType":"BABYLON.PBRMaterial","backFaceCulling":true,"checkReadyOnlyOnce":false,"maxSimultaneousLights":4,"environmentIntensity":1,"roughness":1,"alpha":1,"transparencyMode":0,"alphaCutOff":0.4,"metallic":0.5, 
"albedoTexture":{"name":"Ch45_1001_Diffuse.png","level":1,"hasAlpha":true,"coordinatesMode":0,"uOffset":0,"vOffset":0,"uScale":1,"vScale":1,"uAng":0,"vAng":0,"wAng":0,"wrapU":1,"wrapV":1,"coordinatesIndex":0},"useAlphaFromAlbedoTexture":true, 
"reflectivityTexture":{"name":"Ch45_1001_Specular.png","level":1,"hasAlpha":true,"coordinatesMode":0,"uOffset":0,"vOffset":0,"uScale":1,"vScale":1,"uAng":0,"vAng":0,"wAng":0,"wrapU":1,"wrapV":1,"coordinatesIndex":0}, 
"bumpTexture":{"name":"Ch45_1001_Normal.png","level":1,"hasAlpha":true,"coordinatesMode":0,"uOffset":0,"vOffset":0,"uScale":1,"vScale":1,"uAng":0,"vAng":0,"wAng":0,"wrapU":1,"wrapV":1,"coordinatesIndex":0}, 
"metallicTexture":{"name":"Ch45_1001_Glossiness.png","level":1,"hasAlpha":true,"coordinatesMode":0,"uOffset":0,"vOffset":0,"uScale":1,"vScale":1,"uAng":0,"vAng":0,"wAng":0,"wrapU":1,"wrapV":1,"coordinatesIndex":0},"useMetallnessFromMetallicTextureBlue":false,"useRoughnessFromMetallicTextureGreen":true,"useAmbientOcclusionFromMetallicTextureRed":false,"useRoughnessFromMetallicTextureAlpha":false}],
"multiMaterials":[],
"skeletons":[{"name":"Character","id":0,"dimensionsAtRest":[181.5954,205.0171,24.8531],"bones":[
{"name":"mixamorig1:Hips","index":0,"matrix":[0.9976,-0.0678,-0.0111,0,0.0643,0.9784,-0.1964,0,-0.0241,-0.1952,-0.9805,0,0.3983,89.5044,-0.0492,1],"rest":[1,0,0,0,0,1,0,0,0,0,-1,0,0,98.8801,0.4443,1],"parentBoneIndex":-1,"length":11.8244
,"animation":{"dataType":3,"framePerSecond":30,"keys":[
{"frame":1,"values":[0.9976,-0.0678,-0.0111,0,0.0643,0.9784,-0.1964,0,-0.0241,-0.1952,-0.9805,0,0.3983,89.5044,-0.0492,1]},
{"frame":2,"values":[0.9996,-0.0014,-0.0293,0,-0.0035,0.9863,-0.1648,0,-0.0291,-0.1648,-0.9859,0,0.4532,90.2505,0.3967,1]},
{"frame":3,"values":[0.9956,0.0845,-0.0393,0,-0.09,0.981,-0.1719,0,-0.0241,-0.1747,-0.9843,0,0.2543,92.0969,0.4427,1]},
{"frame":4,"values":[0.9814,0.1891,-0.0327,0,-0.1919,0.9653,-0.1771,0,0.0019,-0.1801,-0.9837,0,-0.0694,93.474,0.2622,1]},
{"frame":5,"values":[0.9786,0.2056,-0.0025,0,-0.2023,0.961,-0.1884,0,0.0363,-0.1848,-0.9821,0,-0.2059,95.0496,-0.001,1]},
{"frame":6,"values":[0.989,0.1472,0.0152,0,-0.1414,0.9706,-0.1949,0,0.0435,-0.1906,-0.9807,0,-0.1925,95.2779,-0.2057,1]},
{"frame":7,"values":[0.9954,0.0935,0.0222,0,-0.0889,0.9837,-0.1562,0,0.0365,-0.1535,-0.9875,0,-0.1736,94.8221,-0.0921,1]},
{"frame":8,"values":[0.9967,0.0388,0.0706,0,-0.029,0.9903,-0.1357,0,0.0752,-0.1332,-0.9882,0,-0.0405,93.8522,0.0063,1]},
{"frame":9,"values":[0.9948,0.024,0.0989,0,-0.0097,0.9898,-0.142,0,0.1013,-0.1403,-0.9849,0,-0.1884,91.9633,-0.0794,1]},
{"frame":10,"values":[0.9954,0.0287,0.0918,0,-0.0123,0.9845,-0.1749,0,0.0954,-0.173,-0.9803,0,-0.399,90.6883,-0.3075,1]},
{"frame":11,"values":[0.9971,0.0278,0.071,0,-0.0142,0.9827,-0.1848,0,0.0749,-0.1832,-0.9802,0,-1.1095,89.2007,-0.2314,1]},
{"frame":12,"values":[0.9968,-0.0225,0.0763,0,0.036,0.983,-0.1798,0,0.071,-0.182,-0.9807,0,-1.8336,89.2369,0.0448,1]},
{"frame":13,"values":[0.9929,-0.0735,0.0935,0,0.0894,0.9797,-0.1796,0,0.0784,-0.1867,-0.9793,0,-1.7473,90.7252,0.1666,1]},
{"frame":14,"values":[0.9927,-0.108,0.0546,0,0.1161,0.9768,-0.1797,0,0.0339,-0.1847,-0.9822,0,-1.4346,92.8588,0.0942,1]},
{"frame":15,"values":[0.9919,-0.1237,0.0272,0,0.1266,0.9759,-0.1778,0,0.0046,-0.1798,-0.9837,0,-0.8464,94.2492,-0.07,1]},
{"frame":16,"values":[0.9981,-0.0542,0.0277,0,0.0581,0.9846,-0.165,0,0.0183,-0.1663,-0.9859,0,-0.8916,95.1003,-0.0374,1]},
{"frame":17,"values":[0.9982,0.0586,0.0112,0,-0.0564,0.9883,-0.1414,0,0.0194,-0.1406,-0.9899,0,-1.3261,95.4087,0.1406,1]},
{"frame":18,"values":[0.9979,0.0645,-0.0059,0,-0.0647,0.9908,-0.1188,0,0.0018,-0.1189,-0.9929,0,-1.2982,94.9176,0.0861,1]},
{"frame":19,"values":[0.9989,0.0273,-0.0393,0,-0.0316,0.993,-0.1136,0,-0.0359,-0.1147,-0.9928,0,-0.8692,93.5954,0.1153,1]},
{"frame":20,"values":[0.9984,-0.0386,-0.0408,0,0.0331,0.9912,-0.1278,0,-0.0454,-0.1262,-0.991,0,-0.128,91.8951,0.1362,1]},
{"frame":21,"values":[0.9972,-0.0736,-0.0159,0,0.0698,0.9829,-0.1706,0,-0.0282,-0.169,-0.9852,0,0.1876,90.286,-0.0623,1]},
{"frame":22,"values":[0.9976,-0.0678,-0.0111,0,0.0643,0.9784,-0.1964,0,-0.0241,-0.1952,-0.9805,0,0.3983,89.5044,-0.0492,1]},
{"frame":31,"values":[1,0.0006,0,0,-0.0006,1,0,0,0,0,-1,0,-0.0041,99.6572,0.2391,1]},
{"frame":32,"values":[1,0.0006,0,0,-0.0006,1,0,0,0,0,-1,0,-0.0041,99.6572,0.2391,1]}],"loopBehavior":1,"name":"anim","property":"_matrix"}},
{"name":"mixamorig1:Spine","index":1,"matrix":[0.9945,0.1041,-0.0092,0,-0.1029,0.9906,0.0906,0,0.0186,-0.0892,0.9958,0,0,11.233,-0.9737,1],"rest":[1,0,0,0,0,0.9963,-0.0864,0,0,0.0864,0.9963,0,0,11.233,-0.9737,1],"parentBoneIndex":0,"length":13.1543
,"animation":{"dataType":3,"framePerSecond":30,"keys":[
{"frame":1,"values":[0.9945,0.1041,-0.0092,0,-0.1029,0.9906,0.0906,0,0.0186,-0.0892,0.9958,0,0,11.233,-0.9737,1]},
{"frame":2,"values":[0.994,0.0361,-0.1037,0,-0.0253,0.9943,0.1038,0,0.1068,-0.1006,0.9892,0,0,11.233,-0.9737,1]},
{"frame":3,"values":[0.9836,-0.0627,-0.1689,0,0.0766,0.9941,0.0766,0,0.1631,-0.0883,0.9826,0,0,11.233,-0.9737,1]},
{"frame":4,"values":[0.9578,-0.1881,-0.2175,0,0.2037,0.9777,0.0514,0,0.2029,-0.0936,0.9747,0,0,11.233,-0.9737,1]},
{"frame":5,"values":[0.9423,-0.2079,-0.2624,0,0.2208,0.9751,0.0201,0,0.2517,-0.0768,0.9648,0,0,11.233,-0.9737,1]},
{"frame":6,"values":[0.945,-0.154,-0.2885,0,0.1601,0.9871,-0.0025,0,0.2852,-0.0439,0.9575,0,0,11.233,-0.9737,1]},
{"frame":7,"values":[0.9593,-0.0971,-0.2653,0,0.1044,0.9944,0.0136,0,0.2625,-0.0408,0.9641,0,0,11.233,-0.9737,1]},
{"frame":8,"values":[0.9855,-0.0274,-0.1676,0,0.0321,0.9992,0.0255,0,0.1668,-0.0306,0.9855,0,0,11.233,-0.9737,1]},
{"frame":9,"values":[0.9973,-0.0075,-0.0724,0,0.0095,0.9996,0.0264,0,0.0722,-0.027,0.997,0,0,11.233,-0.9737,1]},
{"frame":10,"values":[0.9999,-0.0159,0.0023,0,0.0158,0.999,0.0412,0,-0.003,-0.0412,0.9991,0,0,11.233,-0.9737,1]},
{"frame":11,"values":[0.9972,-0.04,0.0632,0,0.0359,0.9972,0.0651,0,-0.0656,-0.0627,0.9959,0,0,11.233,-0.9737,1]},
{"frame":12,"values":[0.9913,0.0003,0.1319,0,-0.0106,0.9969,0.0774,0,-0.1314,-0.0781,0.9882,0,0,11.233,-0.9737,1]},
{"frame":13,"values":[0.9762,0.0479,0.2115,0,-0.0662,0.9946,0.0801,0,-0.2065,-0.0922,0.9741,0,0,11.233,-0.9737,1]},
{"frame":14,"values":[0.961,0.0757,0.266,0,-0.0971,0.9929,0.0682,0,-0.259,-0.0913,0.9616,0,0,11.233,-0.9737,1]},
{"frame":15,"values":[0.9345,0.1022,0.3409,0,-0.1278,0.9904,0.0533,0,-0.3322,-0.0934,0.9386,0,0,11.233,-0.9737,1]},
{"frame":16,"values":[0.9145,0.0274,0.4036,0,-0.0497,0.9978,0.0449,0,-0.4015,-0.0612,0.9138,0,0,11.233,-0.9737,1]},
{"frame":17,"values":[0.9049,-0.1009,0.4135,0,0.0898,0.9949,0.0463,0,-0.416,-0.0048,0.9093,0,0,11.233,-0.9737,1]},
{"frame":18,"values":[0.9203,-0.1118,0.3749,0,0.0926,0.9933,0.0688,0,-0.3801,-0.0286,0.9245,0,0,11.233,-0.9737,1]},
{"frame":19,"values":[0.9509,-0.0719,0.301,0,0.0487,0.9953,0.0839,0,-0.3056,-0.0651,0.9499,0,0,11.233,-0.9737,1]},
{"frame":20,"values":[0.979,0.0314,0.2015,0,-0.0497,0.995,0.0864,0,-0.1978,-0.0946,0.9757,0,0,11.233,-0.9737,1]},
{"frame":21,"values":[0.9894,0.0997,0.1052,0,-0.1087,0.9905,0.0836,0,-0.0958,-0.0942,0.9909,0,0,11.233,-0.9737,1]},
{"frame":22,"values":[0.9945,0.1041,-0.0092,0,-0.1029,0.9906,0.0906,0,0.0186,-0.0892,0.9958,0,0,11.233,-0.9737,1]},
{"frame":31,"values":[1,-0.0006,0,0,0.0006,0.9963,-0.0864,0,0.0001,0.0864,0.9963,0,0,11.233,-0.9737,1]},
{"frame":32,"values":[1,-0.0006,0,0,0.0006,0.9963,-0.0864,0,0.0001,0.0864,0.9963,0,0,11.233,-0.9737,1]}],"loopBehavior":1,"name":"anim","property":"_matrix"}},
{"name":"mixamorig1:Spine1","index":2,"matrix":[1,0.0087,0.0019,0,-0.0088,0.9993,0.0354,0,-0.0016,-0.0354,0.9994,0,0,13.1543,0,1],"rest":[1,0,0,0,0,1,0,0,0,0,1,0,0,13.1543,0,1],"parentBoneIndex":1,"length":15.0335
,"animation":{"dataType":3,"framePerSecond":30,"keys":[
{"frame":1,"values":[1,0.0087,0.0019,0,-0.0088,0.9993,0.0354,0,-0.0016,-0.0354,0.9994,0,0,13.1543,0,1]},
{"frame":2,"values":[0.9989,0.0093,-0.0461,0,-0.0073,0.999,0.043,0,0.0465,-0.0426,0.998,0,0,13.1543,0,1]},
{"frame":3,"values":[0.9973,0.0064,-0.0734,0,-0.0041,0.9995,0.0316,0,0.0735,-0.0312,0.9968,0,0,13.1543,0,1]},
{"frame":4,"values":[0.9963,0.0006,-0.0857,0,0.0012,0.9998,0.0209,0,0.0857,-0.021,0.9961,0,0,13.1543,0,1]},
{"frame":5,"values":[0.9951,-0.0042,-0.0987,0,0.005,1,0.0078,0,0.0986,-0.0082,0.9951,0,0,13.1543,0,1]},
{"frame":6,"values":[0.9945,0.0012,-0.1047,0,-0.0015,1,-0.0031,0,0.1047,0.0032,0.9945,0,0,13.1543,0,1]},
{"frame":7,"values":[0.9954,0.0023,-0.0956,0,-0.0021,1,0.0023,0,0.0956,-0.0021,0.9954,0,0,13.1543,0,1]},
{"frame":8,"values":[0.9972,-0.0045,-0.0745,0,0.0049,1,0.0049,0,0.0744,-0.0053,0.9972,0,0,13.1543,0,1]},
{"frame":9,"values":[0.9986,-0.014,-0.0514,0,0.0142,0.9999,0.0036,0,0.0513,-0.0044,0.9987,0,0,13.1543,0,1]},
{"frame":10,"values":[0.9996,-0.0226,-0.0194,0,0.0227,0.9997,0.0056,0,0.0192,-0.0061,0.9998,0,0,13.1543,0,1]},
{"frame":11,"values":[0.9995,-0.0256,0.0159,0,0.0255,0.9996,0.0098,0,-0.0161,-0.0094,0.9998,0,0,13.1543,0,1]},
{"frame":12,"values":[0.9984,-0.0209,0.0532,0,0.0201,0.9997,0.0148,0,-0.0534,-0.0137,0.9985,0,0,13.1543,0,1]},
{"frame":13,"values":[0.9951,-0.015,0.0975,0,0.0133,0.9998,0.0179,0,-0.0977,-0.0165,0.9951,0,0,13.1543,0,1]},
{"frame":14,"values":[0.9919,-0.009,0.1265,0,0.0074,0.9999,0.0132,0,-0.1266,-0.0121,0.9919,0,0,13.1543,0,1]},
{"frame":15,"values":[0.9894,-0.009,0.1453,0,0.0078,0.9999,0.0086,0,-0.1453,-0.0073,0.9894,0,0,13.1543,0,1]},
{"frame":16,"values":[0.9883,-0.0122,0.1518,0,0.0111,0.9999,0.0081,0,-0.1519,-0.0063,0.9884,0,0,13.1543,0,1]},
{"frame":17,"values":[0.9875,-0.0191,0.1566,0,0.0179,0.9998,0.0092,0,-0.1567,-0.0063,0.9876,0,0,13.1543,0,1]},
{"frame":18,"values":[0.9883,-0.0283,0.1502,0,0.0257,0.9995,0.0191,0,-0.1506,-0.015,0.9885,0,0,13.1543,0,1]},
{"frame":19,"values":[0.9914,-0.018,0.1294,0,0.0143,0.9995,0.0289,0,-0.1299,-0.0268,0.9912,0,0,13.1543,0,1]},
{"frame":20,"values":[0.9952,-0.0058,0.0981,0,0.0028,0.9995,0.0306,0,-0.0983,-0.0302,0.9947,0,0,13.1543,0,1]},
{"frame":21,"values":[0.9983,-0.0001,0.0578,0,-0.0017,0.9995,0.0309,0,-0.0578,-0.0309,0.9979,0,0,13.1543,0,1]},
{"frame":22,"values":[1,0.0087,0.0019,0,-0.0088,0.9993,0.0354,0,-0.0016,-0.0354,0.9994,0,0,13.1543,0,1]},
{"frame":31,"values":[1,0,0,0,0,1,0,0,0,0,1,0,0,13.1543,0,1]},
{"frame":32,"values":[1,0,0,0,0,1,0,0,0,0,1,0,0,13.1543,0,1]}],"loopBehavior":1,"name":"anim","property":"_matrix"}},
{"name":"mixamorig1:Spine2","index":3,"matrix":[1,0.003,0.0015,0,-0.0032,0.9962,0.0869,0,-0.0012,-0.0869,0.9962,0,0,15.0335,0,1],"rest":[1,0,0,0,0,1,0,0,0,0,1,0,0,15.0335,0,1],"parentBoneIndex":2,"length":16.8165
,"animation":{"dataType":3,"framePerSecond":30,"keys":[
{"frame":1,"values":[1,0.003,0.0015,0,-0.0032,0.9962,0.0869,0,-0.0012,-0.0869,0.9962,0,0,15.0335,0,1]},
{"frame":2,"values":[0.9989,0.0058,-0.0471,0,-0.0013,0.9956,0.094,0,0.0475,-0.0939,0.9945,0,0,15.0335,0,1]},
{"frame":3,"values":[0.9972,0.0041,-0.0748,0,0.002,0.9967,0.0814,0,0.0749,-0.0814,0.9939,0,0,15.0335,0,1]},
{"frame":4,"values":[0.9962,-0.0016,-0.0875,0,0.0077,0.9976,0.0692,0,0.0872,-0.0696,0.9938,0,0,15.0335,0,1]},
{"frame":5,"values":[0.9949,-0.0066,-0.1003,0,0.0122,0.9984,0.055,0,0.0998,-0.056,0.9934,0,0,15.0335,0,1]},
{"frame":6,"values":[0.9944,-0.0011,-0.1058,0,0.0058,0.999,0.0444,0,0.1056,-0.0448,0.9934,0,0,15.0335,0,1]},
{"frame":7,"values":[0.9953,-0.0005,-0.0968,0,0.0055,0.9987,0.051,0,0.0966,-0.0512,0.994,0,0,15.0335,0,1]},
{"frame":8,"values":[0.9971,-0.0082,-0.0758,0,0.0124,0.9984,0.0551,0,0.0752,-0.0559,0.9956,0,0,15.0335,0,1]},
{"frame":9,"values":[0.9984,-0.0183,-0.0529,0,0.0212,0.9983,0.0544,0,0.0518,-0.0555,0.9971,0,0,15.0335,0,1]},
{"frame":10,"values":[0.9994,-0.0277,-0.021,0,0.0288,0.998,0.0567,0,0.0194,-0.0573,0.9982,0,0,15.0335,0,1]},
{"frame":11,"values":[0.9994,-0.0313,0.0147,0,0.0304,0.9977,0.0612,0,-0.0165,-0.0607,0.998,0,0,15.0335,0,1]},
{"frame":12,"values":[0.9983,-0.0268,0.0522,0,0.0233,0.9975,0.0661,0,-0.0538,-0.0648,0.9964,0,0,15.0335,0,1]},
{"frame":13,"values":[0.9951,-0.0223,0.0964,0,0.0157,0.9975,0.0689,0,-0.0977,-0.067,0.993,0,0,15.0335,0,1]},
{"frame":14,"values":[0.9919,-0.0172,0.1257,0,0.0093,0.998,0.0632,0,-0.1266,-0.0615,0.9901,0,0,15.0335,0,1]},
{"frame":15,"values":[0.9893,-0.0182,0.1446,0,0.01,0.9983,0.0568,0,-0.1454,-0.0548,0.9879,0,0,15.0335,0,1]},
{"frame":16,"values":[0.9884,-0.0221,0.1505,0,0.0137,0.9983,0.0565,0,-0.1515,-0.0538,0.987,0,0,15.0335,0,1]},
{"frame":17,"values":[0.9875,-0.0301,0.1547,0,0.0212,0.9981,0.0586,0,-0.1562,-0.0546,0.9862,0,0,15.0335,0,1]},
{"frame":18,"values":[0.9882,-0.0396,0.1481,0,0.0298,0.9972,0.0681,0,-0.1504,-0.0629,0.9866,0,0,15.0335,0,1]},
{"frame":19,"values":[0.9914,-0.0288,0.1279,0,0.0189,0.9968,0.0781,0,-0.1298,-0.0751,0.9887,0,0,15.0335,0,1]},
{"frame":20,"values":[0.9951,-0.0155,0.0973,0,0.0076,0.9967,0.0805,0,-0.0982,-0.0793,0.992,0,0,15.0335,0,1]},
{"frame":21,"values":[0.9983,-0.0084,0.0572,0,0.0037,0.9967,0.0816,0,-0.0577,-0.0813,0.995,0,0,15.0335,0,1]},
{"frame":22,"values":[1,0.003,0.0015,0,-0.0032,0.9962,0.0869,0,-0.0012,-0.0869,0.9962,0,0,15.0335,0,1]},
{"frame":31,"values":[1,0,0,0,0,1,0,0,0,0,1,0,0,15.0335,0,1]},
{"frame":32,"values":[1,0,0,0,0,1,0,0,0,0,1,0,0,15.0335,0,1]}],"loopBehavior":1,"name":"anim","property":"_matrix"}},
{"name":"mixamorig1:Neck","index":4,"matrix":[1,-0.005,0.0059,0,0.0049,0.9998,0.0195,0,-0.006,-0.0194,0.9998,0,0,16.9127,0,1],"rest":[1,0,0,0,0,0.9963,0.0864,0,0,-0.0864,0.9963,0,0,16.9127,0,1],"parentBoneIndex":3,"length":8.8346
,"animation":{"dataType":3,"framePerSecond":30,"keys":[
{"frame":1,"values":[1,-0.005,0.0059,0,0.0049,0.9998,0.0195,0,-0.006,-0.0194,0.9998,0,0,16.9127,0,1]},
{"frame":2,"values":[0.9995,-0.0024,0.033,0,0.0015,0.9997,0.0263,0,-0.0331,-0.0263,0.9991,0,0,16.9127,0,1]},
{"frame":3,"values":[0.9988,-0.0257,0.0415,0,0.024,0.9989,0.0401,0,-0.0425,-0.039,0.9983,0,0,16.9127,0,1]},
{"frame":4,"values":[0.9984,-0.0033,0.0557,0,0.0011,0.9992,0.0398,0,-0.0558,-0.0396,0.9977,0,0,16.9127,0,1]},
{"frame":5,"values":[0.9978,-0.0037,0.0661,0,0.0004,0.9988,0.0498,0,-0.0662,-0.0497,0.9966,0,0,16.9127,0,1]},
{"frame":6,"values":[0.9975,-0.0315,0.0631,0,0.0273,0.9973,0.0678,0,-0.0651,-0.0659,0.9957,0,0,16.9127,0,1]},
{"frame":7,"values":[0.998,-0.0216,0.0595,0,0.0177,0.9977,0.0649,0,-0.0608,-0.0638,0.9961,0,0,16.9127,0,1]},
{"frame":8,"values":[0.9987,-0.0186,0.0472,0,0.0156,0.9979,0.0631,0,-0.0483,-0.0623,0.9969,0,0,16.9127,0,1]},
{"frame":9,"values":[0.9994,-0.0148,0.0324,0,0.013,0.9983,0.0572,0,-0.0332,-0.0567,0.9978,0,0,16.9127,0,1]},
{"frame":10,"values":[0.9998,-0.0023,0.0176,0,0.0017,0.9994,0.0338,0,-0.0176,-0.0338,0.9993,0,0,16.9127,0,1]},
{"frame":11,"values":[0.9997,0.025,0.0023,0,-0.0251,0.9994,0.0232,0,-0.0017,-0.0232,0.9997,0,0,16.9127,0,1]},
{"frame":12,"values":[0.9998,0.008,-0.0202,0,-0.0072,0.9993,0.0363,0,0.0205,-0.0362,0.9991,0,0,16.9127,0,1]},
{"frame":13,"values":[0.9987,0.0369,-0.0339,0,-0.0353,0.9983,0.0454,0,0.0355,-0.0442,0.9984,0,0,16.9127,0,1]},
{"frame":14,"values":[0.998,0.0299,-0.0561,0,-0.0275,0.9987,0.0427,0,0.0573,-0.0411,0.9975,0,0,16.9127,0,1]},
{"frame":15,"values":[0.9967,0.0005,-0.0807,0,0.0019,0.9995,0.0307,0,0.0807,-0.0307,0.9963,0,0,16.9127,0,1]},
{"frame":16,"values":[0.9962,0.0162,-0.0855,0,-0.0125,0.999,0.0434,0,0.0861,-0.0422,0.9954,0,0,16.9127,0,1]},
{"frame":17,"values":[0.9955,0.0508,-0.0796,0,-0.0453,0.9966,0.0688,0,0.0828,-0.0649,0.9944,0,0,16.9127,0,1]},
{"frame":18,"values":[0.9954,0.0609,-0.0744,0,-0.056,0.9962,0.0671,0,0.0782,-0.0626,0.995,0,0,16.9127,0,1]},
{"frame":19,"values":[0.9969,0.0368,-0.0701,0,-0.0338,0.9985,0.0437,0,0.0716,-0.0412,0.9966,0,0,16.9127,0,1]},
{"frame":20,"values":[0.9983,0.0017,-0.0581,0,-0.0003,0.9997,0.0229,0,0.0581,-0.0229,0.998,0,0,16.9127,0,1]},
{"frame":21,"values":[0.9995,-0.0079,-0.0306,0,0.0086,0.9998,0.0202,0,0.0305,-0.0205,0.9993,0,0,16.9127,0,1]},
{"frame":22,"values":[1,-0.005,0.0059,0,0.0049,0.9998,0.0195,0,-0.006,-0.0194,0.9998,0,0,16.9127,0,1]},
{"frame":31,"values":[1,0,0,0,0,0.9963,0.0864,0,0,-0.0864,0.9963,0,0,16.9127,0,1]},
{"frame":32,"values":[1,0,0,0,0,0.9963,0.0864,0,0,-0.0864,0.9963,0,0,16.9127,0,1]}],"loopBehavior":1,"name":"anim","property":"_matrix"}},
{"name":"mixamorig1:Head","index":5,"matrix":[0.9999,-0.0045,-0.0106,0,0.0041,0.9992,-0.0399,0,0.0107,0.0398,0.9991,0,0,8.3951,2.7518,1],"rest":[1,0,0,0,0,1,0,0,0,0,1,0,0,8.3951,2.7518,1],"parentBoneIndex":4,"length":21.6364
,"animation":{"dataType":3,"framePerSecond":30,"keys":[
{"frame":1,"values":[0.9999,-0.0045,-0.0106,0,0.0041,0.9992,-0.0399,0,0.0107,0.0398,0.9991,0,0,8.3951,2.7518,1]},
{"frame":2,"values":[0.9999,-0.0035,0.0156,0,0.004,0.9995,-0.0315,0,-0.0155,0.0315,0.9994,0,0,8.3951,2.7518,1]},
{"frame":3,"values":[0.9995,-0.0162,0.0279,0,0.0167,0.9997,-0.0201,0,-0.0276,0.0205,0.9994,0,0,8.3951,2.7518,1]},
{"frame":4,"values":[0.9992,0.0016,0.039,0,-0.0009,0.9998,-0.0174,0,-0.039,0.0173,0.9991,0,0,8.3951,2.7518,1]},
{"frame":5,"values":[0.9988,0.0009,0.0491,0,-0.0007,1,-0.0049,0,-0.0491,0.0049,0.9988,0,0,8.3951,2.7518,1]},
{"frame":6,"values":[0.9986,-0.0194,0.05,0,0.019,0.9998,0.0081,0,-0.0502,-0.0072,0.9987,0,0,8.3951,2.7518,1]},
{"frame":7,"values":[0.9989,-0.0117,0.0452,0,0.0114,0.9999,0.0066,0,-0.0452,-0.0061,0.999,0,0,8.3951,2.7518,1]},
{"frame":8,"values":[0.9994,-0.0091,0.0328,0,0.009,0.9999,0.0044,0,-0.0328,-0.0041,0.9995,0,0,8.3951,2.7518,1]},
{"frame":9,"values":[0.9998,-0.0066,0.0177,0,0.0066,1,-0.0014,0,-0.0177,0.0016,0.9998,0,0,8.3951,2.7518,1]},
{"frame":10,"values":[1,0.0001,0.001,0,0,0.9997,-0.0238,0,-0.001,0.0238,0.9997,0,0,8.3951,2.7518,1]},
{"frame":11,"values":[0.9997,0.0182,-0.0177,0,-0.0188,0.9992,-0.0347,0,0.0171,0.035,0.9992,0,0,8.3951,2.7518,1]},
{"frame":12,"values":[0.9993,0.0091,-0.0374,0,-0.0099,0.9997,-0.0213,0,0.0372,0.0217,0.9991,0,0,8.3951,2.7518,1]},
{"frame":13,"values":[0.998,0.0295,-0.0551,0,-0.0303,0.9994,-0.0141,0,0.0547,0.0157,0.9984,0,0,8.3951,2.7518,1]},
{"frame":14,"values":[0.9968,0.0249,-0.0757,0,-0.0262,0.9995,-0.0158,0,0.0753,0.0177,0.997,0,0,8.3951,2.7518,1]},
{"frame":15,"values":[0.9954,0.0036,-0.0956,0,-0.0057,0.9998,-0.0213,0,0.0955,0.0218,0.9952,0,0,8.3951,2.7518,1]},
{"frame":16,"values":[0.9947,0.0158,-0.102,0,-0.0169,0.9998,-0.0099,0,0.1018,0.0116,0.9947,0,0,8.3951,2.7518,1]},
{"frame":17,"values":[0.994,0.041,-0.101,0,-0.0405,0.9992,0.0068,0,0.1012,-0.0026,0.9949,0,0,8.3951,2.7518,1]},
{"frame":18,"values":[0.9941,0.0475,-0.0976,0,-0.0476,0.9989,0.0022,0,0.0976,0.0025,0.9952,0,0,8.3951,2.7518,1]},
{"frame":19,"values":[0.9955,0.0294,-0.0899,0,-0.031,0.9994,-0.0166,0,0.0893,0.0193,0.9958,0,0,8.3951,2.7518,1]},
{"frame":20,"values":[0.9973,0.0028,-0.0734,0,-0.0054,0.9994,-0.0341,0,0.0733,0.0344,0.9967,0,0,8.3951,2.7518,1]},
{"frame":21,"values":[0.999,-0.0037,-0.0453,0,0.0019,0.9993,-0.0381,0,0.0455,0.038,0.9982,0,0,8.3951,2.7518,1]},
{"frame":22,"values":[0.9999,-0.0045,-0.0106,0,0.0041,0.9992,-0.0399,0,0.0107,0.0398,0.9991,0,0,8.3951,2.7518,1]},
{"frame":31,"values":[1,0,0,0,0,1,0,0,0,0,1,0,0,8.3951,2.7518,1]},
{"frame":32,"values":[1,0,0,0,0,1,0,0,0,0,1,0,0,8.3951,2.7518,1]}],"loopBehavior":1,"name":"anim","property":"_matrix"}},
{"name":"mixamorig1:HeadTop_End","index":6,"matrix":[1,0,0,0,0,1,0,0,0,0,1,0,0,20.56,6.7392,1],"rest":[1,0,0,0,0,1,0,0,0,0,1,0,0,20.56,6.7392,1],"parentBoneIndex":5,"length":21.6364
,"animation":{"dataType":3,"framePerSecond":30,"keys":[
{"frame":1,"values":[1,0,0,0,0,1,0,0,0,0,1,0,0,20.56,6.7392,1]},
{"frame":4,"values":[1,0,0,0,0,1,0,0,0,0,1,0,0,20.56,6.7393,1]},
{"frame":5,"values":[1,0,0,0,0,1,0,0,0,0,1,0,0,20.56,6.7392,1]},
{"frame":10,"values":[1,0,0,0,0,1,0,0,0,0,1,0,0,20.5601,6.7392,1]},
{"frame":11,"values":[1,0,0,0,0,1,0,0,0,0,1,0,0,20.56,6.7392,1]},
{"frame":14,"values":[1,0,0,0,0,1,0,0,0,0,1,0,0,20.5601,6.7392,1]},
{"frame":15,"values":[1,0,0,0,0,1,0,0,0,0,1,0,0,20.56,6.7392,1]},
{"frame":22,"values":[1,0,0,0,0,1,0,0,0,0,1,0,0,20.56,6.7392,1]},
{"frame":31,"values":[1,0,0,0,0,1,0,0,0,0,1,0,0,20.56,6.7392,1]},
{"frame":32,"values":[1,0,0,0,0,1,0,0,0,0,1,0,0,20.56,6.7392,1]}],"loopBehavior":1,"name":"anim","property":"_matrix"}},
{"name":"mixamorig1:LeftShoulder","index":7,"matrix":[0.0309,0.0166,-0.9994,0,0.9052,-0.4245,0.0209,0,-0.4239,-0.9053,-0.0281,0,7.2655,15.1161,-0.2062,1],"rest":[-0.0279,-0.0002,-0.9996,0,0.9716,-0.2351,-0.0271,0,-0.235,-0.972,0.0068,0,7.2655,15.1161,-0.2062,1],"parentBoneIndex":3,"length":15.0985
,"animation":{"dataType":3,"framePerSecond":30,"keys":[
{"frame":1,"values":[0.0309,0.0166,-0.9994,0,0.9052,-0.4245,0.0209,0,-0.4239,-0.9053,-0.0281,0,7.2655,15.1161,-0.2062,1]},
{"frame":2,"values":[0.0315,0.0158,-0.9994,0,0.9143,-0.4044,0.0224,0,-0.4038,-0.9144,-0.0272,0,7.2655,15.1161,-0.2062,1]},
{"frame":3,"values":[-0.0116,0.014,-0.9998,0,0.9303,-0.3665,-0.016,0,-0.3667,-0.9303,-0.0087,0,7.2655,15.1161,-0.2062,1]},
{"frame":4,"values":[-0.0508,0.0098,-0.9987,0,0.9461,-0.3198,-0.0512,0,-0.3199,-0.9474,0.007,0,7.2655,15.1162,-0.2062,1]},
{"frame":5,"values":[-0.042,0.0055,-0.9991,0,0.9658,-0.256,-0.042,0,-0.2561,-0.9666,0.0054,0,7.2655,15.1162,-0.2062,1]},
{"frame":6,"values":[-0.0343,0.0019,-0.9994,0,0.9739,-0.2242,-0.0338,0,-0.2242,-0.9745,0.0059,0,7.2655,15.1161,-0.2062,1]},
{"frame":7,"values":[-0.0409,-0.0004,-0.9992,0,0.9753,-0.2172,-0.0398,0,-0.217,-0.9761,0.0093,0,7.2655,15.1161,-0.2062,1]},
{"frame":8,"values":[-0.0198,0.0062,-0.9998,0,0.9702,-0.2415,-0.0207,0,-0.2416,-0.9704,-0.0012,0,7.2655,15.1162,-0.2062,1]},
{"frame":9,"values":[0.032,0.0132,-0.9994,0,0.9436,-0.3301,0.0259,0,-0.3295,-0.9439,-0.023,0,7.2655,15.1162,-0.2062,1]},
{"frame":10,"values":[0.096,0.0152,-0.9953,0,0.8933,-0.4423,0.0794,0,-0.439,-0.8967,-0.056,0,7.2655,15.1161,-0.2062,1]},
{"frame":11,"values":[0.1106,0.0145,-0.9938,0,0.8762,-0.4733,0.0907,0,-0.4691,-0.8808,-0.065,0,7.2655,15.1161,-0.2062,1]},
{"frame":12,"values":[0.1227,0.0141,-0.9924,0,0.8792,-0.4654,0.1021,0,-0.4604,-0.885,-0.0694,0,7.2655,15.1162,-0.2062,1]},
{"frame":13,"values":[0.1503,0.0145,-0.9885,0,0.9059,-0.4025,0.1319,0,-0.3959,-0.9153,-0.0736,0,7.2655,15.1161,-0.2062,1]},
{"frame":14,"values":[0.1249,0.0155,-0.9921,0,0.928,-0.3555,0.1113,0,-0.3509,-0.9346,-0.0587,0,7.2655,15.1162,-0.2062,1]},
{"frame":15,"values":[0.0826,0.0147,-0.9965,0,0.9404,-0.3322,0.0731,0,-0.33,-0.9431,-0.0413,0,7.2655,15.1162,-0.2062,1]},
{"frame":16,"values":[0.0596,0.0136,-0.9981,0,0.9497,-0.3088,0.0525,0,-0.3075,-0.951,-0.0313,0,7.2655,15.1161,-0.2062,1]},
{"frame":17,"values":[0.0501,0.0127,-0.9987,0,0.9561,-0.2898,0.0442,0,-0.2888,-0.957,-0.0267,0,7.2655,15.1162,-0.2062,1]},
{"frame":18,"values":[0.0517,0.0129,-0.9986,0,0.9555,-0.2913,0.0457,0,-0.2903,-0.9565,-0.0273,0,7.2655,15.1161,-0.2062,1]},
{"frame":19,"values":[0.0469,0.0136,-0.9988,0,0.944,-0.3276,0.0399,0,-0.3267,-0.9447,-0.0282,0,7.2655,15.1161,-0.2062,1]},
{"frame":20,"values":[0.048,0.0151,-0.9987,0,0.9231,-0.3825,0.0386,0,-0.3815,-0.9238,-0.0323,0,7.2655,15.1161,-0.2062,1]},
{"frame":21,"values":[0.0278,0.0158,-0.9995,0,0.9158,-0.4012,0.0191,0,-0.4007,-0.9159,-0.0256,0,7.2655,15.1161,-0.2062,1]},
{"frame":22,"values":[0.0309,0.0166,-0.9994,0,0.9052,-0.4245,0.0209,0,-0.4239,-0.9053,-0.0281,0,7.2655,15.1161,-0.2062,1]},
{"frame":31,"values":[-0.027,-0.0005,-0.9996,0,0.974,-0.225,-0.0262,0,-0.2249,-0.9744,0.0066,0,7.2655,15.1162,-0.2062,1]},
{"frame":32,"values":[-0.027,-0.0005,-0.9996,0,0.974,-0.225,-0.0262,0,-0.2249,-0.9744,0.0066,0,7.2655,15.1162,-0.2062,1]}],"loopBehavior":1,"name":"anim","property":"_matrix"}},
{"name":"mixamorig1:LeftArm","index":8,"matrix":[0.9586,-0.021,-0.2841,0,0.2097,0.7271,0.6537,0,0.1929,-0.6862,0.7014,0,0,15.0985,0,1],"rest":[0.9985,-0.0554,0,0,0.0549,0.9902,-0.1284,0,0.0071,0.1282,0.9917,0,0,15.0985,0,1],"parentBoneIndex":7,"length":22.6446
,"animation":{"dataType":3,"framePerSecond":30,"keys":[
{"frame":1,"values":[0.9586,-0.021,-0.2841,0,0.2097,0.7271,0.6537,0,0.1929,-0.6862,0.7014,0,0,15.0985,0,1]},
{"frame":2,"values":[0.9314,-0.0746,-0.3561,0,0.2894,0.7453,0.6006,0,0.2206,-0.6625,0.7158,0,0,15.0985,0,1]},
{"frame":3,"values":[0.8658,-0.1003,-0.4902,0,0.3831,0.763,0.5206,0,0.3218,-0.6385,0.6991,0,0,15.0985,0,1]},
{"frame":4,"values":[0.7958,-0.1154,-0.5944,0,0.4375,0.7883,0.4327,0,0.4186,-0.6044,0.6779,0,0,15.0985,0,1]},
{"frame":5,"values":[0.7183,-0.1127,-0.6866,0,0.4871,0.7861,0.3805,0,0.4968,-0.6077,0.6196,0,0,15.0985,0,1]},
{"frame":6,"values":[0.6616,-0.13,-0.7385,0,0.5355,0.7712,0.3441,0,0.5248,-0.6232,0.5799,0,0,15.0985,0,1]},
{"frame":7,"values":[0.6505,-0.1691,-0.7404,0,0.5852,0.733,0.3468,0,0.4841,-0.6589,0.5758,0,0,15.0985,0,1]},
{"frame":8,"values":[0.6901,-0.2096,-0.6927,0,0.6103,0.6831,0.4012,0,0.3891,-0.6996,0.5993,0,0,15.0985,0,1]},
{"frame":9,"values":[0.7891,-0.2528,-0.5598,0,0.5549,0.6842,0.4732,0,0.2634,-0.6841,0.6802,0,0,15.0985,0,1]},
{"frame":10,"values":[0.9304,-0.2429,-0.2745,0,0.3598,0.748,0.5576,0,0.0699,-0.6176,0.7834,0,0,15.0985,0,1]},
{"frame":11,"values":[0.9969,-0.0386,0.069,0,-0.0173,0.7444,0.6675,0,-0.0771,-0.6666,0.7414,0,0,15.0985,0,1]},
{"frame":12,"values":[0.9479,0.0734,0.31,0,-0.2794,0.6587,0.6986,0,-0.1529,-0.7488,0.6449,0,0,15.0985,0,1]},
{"frame":13,"values":[0.9233,0.0739,0.3768,0,-0.3351,0.6344,0.6966,0,-0.1876,-0.7694,0.6106,0,0,15.0985,0,1]},
{"frame":14,"values":[0.9371,0.1319,0.3232,0,-0.3258,0.6629,0.6741,0,-0.1253,-0.737,0.6642,0,0,15.0985,0,1]},
{"frame":15,"values":[0.9653,0.1652,0.2021,0,-0.2558,0.7525,0.6068,0,-0.0519,-0.6375,0.7687,0,0,15.0985,0,1]},
{"frame":16,"values":[0.9779,0.1865,0.0946,0,-0.2085,0.8359,0.5077,0,0.0156,-0.5162,0.8563,0,0,15.0985,0,1]},
{"frame":17,"values":[0.9901,0.1403,0.0023,0,-0.1244,0.8699,0.4773,0,0.065,-0.4728,0.8788,0,0,15.0985,0,1]},
{"frame":18,"values":[0.996,0.0695,-0.0563,0,-0.0295,0.8494,0.527,0,0.0844,-0.5232,0.848,0,0,15.0985,0,1]},
{"frame":19,"values":[0.9913,0.0123,-0.1309,0,0.0696,0.7955,0.602,0,0.1115,-0.6059,0.7877,0,0,15.0985,0,1]},
{"frame":20,"values":[0.9762,-0.0028,-0.2167,0,0.1491,0.7341,0.6624,0,0.1572,-0.679,0.7171,0,0,15.0985,0,1]},
{"frame":21,"values":[0.9643,0.0104,-0.2647,0,0.1826,0.6979,0.6926,0,0.1919,-0.7162,0.671,0,0,15.0985,0,1]},
{"frame":22,"values":[0.9586,-0.021,-0.2841,0,0.2097,0.7271,0.6537,0,0.1929,-0.6862,0.7014,0,0,15.0985,0,1]},
{"frame":31,"values":[0.9996,0.0247,-0.0129,0,-0.027,0.974,-0.2249,0,0.007,0.2252,0.9743,0,0,15.0985,0,1]},
{"frame":32,"values":[0.9996,0.0247,-0.0129,0,-0.027,0.974,-0.2249,0,0.007,0.2252,0.9743,0,0,15.0985,0,1]}],"loopBehavior":1,"name":"anim","property":"_matrix"}},
{"name":"mixamorig1:LeftForeArm","index":9,"matrix":[0.0073,0.9958,0.0913,0,-0.9968,0,0.0799,0,0.0796,-0.0916,0.9926,0,0,22.6446,0,1],"rest":[0.9704,0.2415,0,0,-0.2404,0.966,-0.0955,0,-0.0231,0.0927,0.9954,0,0,22.6446,0,1],"parentBoneIndex":8,"length":27.2925
,"animation":{"dataType":3,"framePerSecond":30,"keys":[
{"frame":1,"values":[0.0073,0.9958,0.0913,0,-0.9968,0,0.0799,0,0.0796,-0.0916,0.9926,0,0,22.6446,0,1]},
{"frame":2,"values":[0.2101,0.9748,0.0751,0,-0.9758,0.2042,0.0782,0,0.0609,-0.0897,0.9941,0,0,22.6447,0,1]},
{"frame":3,"values":[0.2812,0.9571,0.0693,0,-0.9581,0.276,0.0768,0,0.0544,-0.088,0.9946,0,0,22.6446,0,1]},
{"frame":4,"values":[0.3,0.9515,0.0678,0,-0.9525,0.2949,0.0764,0,0.0526,-0.0875,0.9948,0,0,22.6446,0,1]},
{"frame":5,"values":[0.3216,0.9446,0.0661,0,-0.9455,0.3167,0.0758,0,0.0507,-0.0869,0.9949,0,0,22.6446,0,1]},
{"frame":6,"values":[0.3067,0.9494,0.0673,0,-0.9504,0.3016,0.0762,0,0.052,-0.0873,0.9948,0,0,22.6446,0,1]},
{"frame":7,"values":[0.2195,0.9728,0.0743,0,-0.9738,0.2137,0.0781,0,0.0601,-0.0895,0.9942,0,0,22.6446,0,1]},
{"frame":8,"values":[0.0692,0.9939,0.0863,0,-0.9949,0.0624,0.0798,0,0.0739,-0.0914,0.9931,0,0,22.6446,0,1]},
{"frame":9,"values":[-0.0559,0.9938,0.0964,0,-0.9948,-0.0637,0.0797,0,0.0854,-0.0914,0.9921,0,0,22.6447,0,1]},
{"frame":10,"values":[-0.0923,0.9908,0.0993,0,-0.9918,-0.1004,0.0795,0,0.0887,-0.0911,0.9919,0,0,22.6446,0,1]},
{"frame":11,"values":[0.0121,0.9958,0.0909,0,-0.9968,0.0048,0.0799,0,0.0791,-0.0916,0.9926,0,0,22.6447,0,1]},
{"frame":12,"values":[0.1008,0.9914,0.0838,0,-0.9924,0.0942,0.0796,0,0.071,-0.0912,0.9933,0,0,22.6446,0,1]},
{"frame":13,"values":[-0.0259,0.9952,0.094,0,-0.9962,-0.0335,0.0799,0,0.0826,-0.0915,0.9924,0,0,22.6446,0,1]},
{"frame":14,"values":[-0.2001,0.9738,0.1079,0,-0.9748,-0.2089,0.0781,0,0.0987,-0.0896,0.9911,0,0,22.6447,0,1]},
{"frame":15,"values":[-0.3729,0.9198,0.1218,0,-0.9208,-0.3831,0.0738,0,0.1146,-0.0846,0.9898,0,0,22.6447,0,1]},
{"frame":16,"values":[-0.4713,0.8724,0.1297,0,-0.8733,-0.4822,0.07,0,0.1236,-0.0802,0.9891,0,0,22.6446,0,1]},
{"frame":17,"values":[-0.5419,0.8294,0.1353,0,-0.8303,-0.5534,0.0666,0,0.1301,-0.0763,0.9886,0,0,22.6446,0,1]},
{"frame":18,"values":[-0.5564,0.8196,0.1365,0,-0.8205,-0.5679,0.0658,0,0.1314,-0.0754,0.9885,0,0,22.6446,0,1]},
{"frame":19,"values":[-0.5207,0.8432,0.1336,0,-0.844,-0.532,0.0677,0,0.1281,-0.0776,0.9887,0,0,22.6446,0,1]},
{"frame":20,"values":[-0.4055,0.9056,0.1244,0,-0.9065,-0.4159,0.0727,0,0.1175,-0.0833,0.9896,0,0,22.6446,0,1]},
{"frame":21,"values":[-0.2095,0.9718,0.1087,0,-0.9727,-0.2184,0.078,0,0.0995,-0.0894,0.991,0,0,22.6447,0,1]},
{"frame":22,"values":[0.0073,0.9958,0.0913,0,-0.9968,0,0.0799,0,0.0796,-0.0916,0.9926,0,0,22.6446,0,1]},
{"frame":31,"values":[0.9999,0,0.0117,0,0,1,0,0,-0.0117,0,0.9999,0,0,22.6446,0,1]},
{"frame":32,"values":[0.9999,0,0.0117,0,0,1,0,0,-0.0117,0,0.9999,0,0,22.6446,0,1]}],"loopBehavior":1,"name":"anim","property":"_matrix"}},
{"name":"mixamorig1:LeftHand","index":10,"matrix":[0.9932,-0.0419,-0.1084,0,0.0193,0.9794,-0.2011,0,0.1146,0.1976,0.9736,0,0,27.2925,0,1],"rest":[0.9869,0.0184,0.1603,0,-0.0588,0.9662,0.2509,0,-0.1503,-0.257,0.9547,0,0,27.2925,0,1],"parentBoneIndex":9,"length":10.1165
,"animation":{"dataType":3,"framePerSecond":30,"keys":[
{"frame":1,"values":[0.9932,-0.0419,-0.1084,0,0.0193,0.9794,-0.2011,0,0.1146,0.1976,0.9736,0,0,27.2925,0,1]},
{"frame":2,"values":[0.998,0.0528,-0.0343,0,-0.0565,0.9917,-0.1159,0,0.0279,0.1176,0.9927,0,0,27.2925,0,1]},
{"frame":3,"values":[0.9971,0.0708,0.0267,0,-0.0657,0.9849,-0.1605,0,-0.0377,0.1583,0.9867,0,0,27.2925,0,1]},
{"frame":4,"values":[0.994,0.104,0.0328,0,-0.0974,0.982,-0.1616,0,-0.049,0.1575,0.9863,0,0,27.2925,0,1]},
{"frame":5,"values":[0.9892,0.1465,0.0053,0,-0.1423,0.9682,-0.2055,0,-0.0353,0.2026,0.9786,0,0,27.2925,0,1]},
{"frame":6,"values":[0.9865,0.1633,-0.0142,0,-0.1623,0.9607,-0.2253,0,-0.0231,0.2246,0.9742,0,0,27.2925,0,1]},
{"frame":7,"values":[0.9925,0.1148,-0.0421,0,-0.1211,0.9711,-0.2057,0,0.0173,0.2092,0.9777,0,0,27.2925,0,1]},
{"frame":8,"values":[0.9976,0.039,-0.0572,0,-0.0473,0.9872,-0.152,0,0.0506,0.1544,0.9867,0,0,27.2925,0,1]},
{"frame":9,"values":[0.9997,-0.0201,-0.0132,0,0.019,0.997,-0.0749,0,0.0147,0.0746,0.9971,0,0,27.2925,0,1]},
{"frame":10,"values":[0.9964,-0.0548,0.0644,0,0.0531,0.9982,0.0289,0,-0.0659,-0.0254,0.9975,0,0,27.2925,0,1]},
{"frame":11,"values":[0.9982,-0.0517,-0.0306,0,0.048,0.9927,-0.1108,0,0.0361,0.1091,0.9934,0,0,27.2925,0,1]},
{"frame":12,"values":[0.9925,-0.104,-0.0639,0,0.0959,0.9883,-0.1189,0,0.0756,0.1119,0.9908,0,0,27.2925,0,1]},
{"frame":13,"values":[0.9999,-0.0101,0.0053,0,0.0105,0.9959,-0.0894,0,-0.0044,0.0895,0.996,0,0,27.2925,0,1]},
{"frame":14,"values":[0.9955,-0.0437,0.0846,0,0.0593,0.9796,-0.1921,0,-0.0745,0.1962,0.9777,0,0,27.2925,0,1]},
{"frame":15,"values":[0.9792,-0.0963,0.1786,0,0.147,0.9434,-0.2972,0,-0.1398,0.3173,0.938,0,0,27.2925,0,1]},
{"frame":16,"values":[0.979,-0.0626,0.1939,0,0.1228,0.9406,-0.3166,0,-0.1626,0.3337,0.9285,0,0,27.2925,0,1]},
{"frame":17,"values":[0.9786,-0.098,0.1808,0,0.1474,0.9474,-0.284,0,-0.1434,0.3046,0.9416,0,0,27.2925,0,1]},
{"frame":18,"values":[0.985,-0.0814,0.1522,0,0.1145,0.968,-0.2233,0,-0.1292,0.2374,0.9628,0,0,27.2925,0,1]},
{"frame":19,"values":[0.9918,-0.041,0.1207,0,0.0634,0.98,-0.1884,0,-0.1106,0.1946,0.9746,0,0,27.2925,0,1]},
{"frame":20,"values":[0.998,-0.0218,0.0594,0,0.0337,0.9777,-0.2073,0,-0.0536,0.2089,0.9765,0,0,27.2925,0,1]},
{"frame":21,"values":[0.9947,-0.0996,-0.0255,0,0.0906,0.9665,-0.2402,0,0.0486,0.2366,0.9704,0,0,27.2925,0,1]},
{"frame":22,"values":[0.9932,-0.0419,-0.1084,0,0.0193,0.9794,-0.2011,0,0.1146,0.1976,0.9736,0,0,27.2925,0,1]},
{"frame":31,"values":[0.9938,-0.0948,-0.0583,0,0.095,0.9955,0.0014,0,0.0579,-0.007,0.9983,0,0,27.2925,0,1]},
{"frame":32,"values":[0.9938,-0.0948,-0.0583,0,0.095,0.9955,0.0014,0,0.0579,-0.007,0.9983,0,0,27.2925,0,1]}],"loopBehavior":1,"name":"anim","property":"_matrix"}},
{"name":"mixamorig1:LeftHandThumb1","index":11,"matrix":[0.8581,0.5122,0.0376,0,-0.4532,0.7207,0.5245,0,0.2415,-0.4671,0.8506,0,-2.8415,3.3483,1.4004,1],"rest":[0.7377,0.6752,0,0,-0.6432,0.7027,0.304,0,0.2053,-0.2243,0.9527,0,-2.8415,3.3483,1.4004,1],"parentBoneIndex":10,"length":3.6875
,"animation":{"dataType":3,"framePerSecond":30,"keys":[
{"frame":1,"values":[0.8581,0.5122,0.0376,0,-0.4532,0.7207,0.5245,0,0.2415,-0.4671,0.8506,0,-2.8415,3.3483,1.4004,1]},
{"frame":22,"values":[0.8581,0.5122,0.0376,0,-0.4532,0.7207,0.5245,0,0.2415,-0.4671,0.8506,0,-2.8415,3.3483,1.4004,1]},
{"frame":31,"values":[0.7917,0.6102,-0.0285,0,-0.5323,0.712,0.458,0,0.2998,-0.3474,0.8885,0,-2.8415,3.3483,1.4004,1]},
{"frame":32,"values":[0.7917,0.6102,-0.0285,0,-0.5323,0.712,0.458,0,0.2998,-0.3474,0.8885,0,-2.8415,3.3483,1.4004,1]}],"loopBehavior":1,"name":"anim","property":"_matrix"}},
{"name":"mixamorig1:LeftHandThumb2","index":12,"matrix":[0.8885,-0.3845,-0.2506,0,0.3443,0.9194,-0.1899,0,0.3035,0.0824,0.9493,0,0.1317,3.6851,0,1],"rest":[1,0,0,0,0,0.9944,0.1052,0,0,-0.1052,0.9944,0,0.1317,3.6851,0,1],"parentBoneIndex":11,"length":3.5665
,"animation":{"dataType":3,"framePerSecond":30,"keys":[
{"frame":1,"values":[0.8885,-0.3845,-0.2506,0,0.3443,0.9194,-0.1899,0,0.3035,0.0824,0.9493,0,0.1317,3.6851,0,1]},
{"frame":2,"values":[0.848,-0.5062,-0.1573,0,0.4797,0.8591,-0.1785,0,0.2255,0.0759,0.9713,0,0.1317,3.6851,0,1]},
{"frame":3,"values":[0.8304,-0.541,-0.133,0,0.5169,0.8373,-0.1785,0,0.2079,0.0795,0.9749,0,0.1317,3.6851,0,1]},
{"frame":4,"values":[0.81,-0.5763,-0.1088,0,0.5539,0.8127,-0.1808,0,0.1926,0.0861,0.9775,0,0.1317,3.6851,0,1]},
{"frame":5,"values":[0.7891,-0.6081,-0.0863,0,0.5877,0.7884,-0.1815,0,0.1785,0.0925,0.9796,0,0.1317,3.6851,0,1]},
{"frame":6,"values":[0.8348,-0.5296,-0.1507,0,0.496,0.8421,-0.2117,0,0.239,0.102,0.9656,0,0.1317,3.6851,0,1]},
{"frame":7,"values":[0.8485,-0.4997,-0.1744,0,0.4624,0.8602,-0.2151,0,0.2575,0.1019,0.9609,0,0.1317,3.6851,0,1]},
{"frame":8,"values":[0.8566,-0.481,-0.1869,0,0.4433,0.8713,-0.2106,0,0.2642,0.0975,0.9595,0,0.1317,3.6851,0,1]},
{"frame":9,"values":[0.8605,-0.4733,-0.1887,0,0.4381,0.8763,-0.2002,0,0.2601,0.0896,0.9614,0,0.1317,3.6851,0,1]},
{"frame":10,"values":[0.8599,-0.4772,-0.1814,0,0.4458,0.8751,-0.1886,0,0.2487,0.0813,0.9652,0,0.1317,3.6851,0,1]},
{"frame":11,"values":[0.8445,-0.5136,-0.1519,0,0.4878,0.8546,-0.1779,0,0.2212,0.0761,0.9723,0,0.1317,3.6851,0,1]},
{"frame":12,"values":[0.7848,-0.6149,-0.0778,0,0.5996,0.785,-0.1556,0,0.1568,0.0755,0.9847,0,0.1317,3.6851,0,1]},
{"frame":13,"values":[0.7991,-0.6011,0.0057,0,0.5939,0.7879,-0.1628,0,0.0934,0.1334,0.9867,0,0.1317,3.6851,0,1]},
{"frame":14,"values":[0.8298,-0.557,0.0339,0,0.5542,0.8154,-0.1673,0,0.0656,0.1576,0.9853,0,0.1317,3.6851,0,1]},
{"frame":15,"values":[0.8652,-0.4972,0.0644,0,0.5004,0.8485,-0.172,0,0.0308,0.181,0.983,0,0.1317,3.6851,0,1]},
{"frame":16,"values":[0.8584,-0.5106,0.05,0,0.5112,0.8429,-0.1677,0,0.0435,0.1695,0.9846,0,0.1317,3.6851,0,1]},
{"frame":17,"values":[0.8478,-0.5299,0.0184,0,0.5257,0.8355,-0.1602,0,0.0696,0.1455,0.9869,0,0.1317,3.6851,0,1]},
{"frame":18,"values":[0.8244,-0.5626,-0.0618,0,0.5497,0.8219,-0.1494,0,0.1348,0.0892,0.9868,0,0.1317,3.6851,0,1]},
{"frame":19,"values":[0.8375,-0.5297,-0.1343,0,0.5103,0.846,-0.1546,0,0.1955,0.061,0.9788,0,0.1317,3.6851,0,1]},
{"frame":20,"values":[0.8869,-0.3815,-0.2605,0,0.3353,0.9195,-0.205,0,0.3177,0.0945,0.9435,0,0.1317,3.6851,0,1]},
{"frame":21,"values":[0.8835,-0.3761,-0.279,0,0.318,0.9192,-0.2322,0,0.3438,0.1164,0.9318,0,0.1317,3.6851,0,1]},
{"frame":22,"values":[0.8885,-0.3845,-0.2506,0,0.3443,0.9194,-0.1899,0,0.3035,0.0824,0.9493,0,0.1317,3.6851,0,1]},
{"frame":31,"values":[0.9999,0.0141,-0.0045,0,-0.0141,0.9999,0.0002,0,0.0045,-0.0002,1,0,0.1317,3.6851,0,1]},
{"frame":32,"values":[0.9999,0.0141,-0.0045,0,-0.0141,0.9999,0.0002,0,0.0045,-0.0002,1,0,0.1317,3.6851,0,1]}],"loopBehavior":1,"name":"anim","property":"_matrix"}},
{"name":"mixamorig1:LeftHandThumb3","index":13,"matrix":[0.8539,0.3735,-0.3624,0,-0.4552,0.8736,-0.172,0,0.2523,0.3118,0.916,0,0.1775,3.5621,0,1],"rest":[1,0,0,0,0,0.9995,-0.0321,0,0,0.0321,0.9995,0,0.1775,3.5621,0,1],"parentBoneIndex":12,"length":2.7853
,"animation":{"dataType":3,"framePerSecond":30,"keys":[
{"frame":1,"values":[0.8539,0.3735,-0.3624,0,-0.4552,0.8736,-0.172,0,0.2523,0.3118,0.916,0,0.1775,3.5621,0,1]},
{"frame":2,"values":[0.8584,0.3334,-0.3898,0,-0.4344,0.8766,-0.2069,0,0.2728,0.3469,0.8973,0,0.1775,3.5621,0,1]},
{"frame":3,"values":[0.8509,0.3357,-0.404,0,-0.4441,0.8705,-0.2121,0,0.2806,0.3599,0.8898,0,0.1775,3.5621,0,1]},
{"frame":4,"values":[0.8253,0.355,-0.4391,0,-0.4799,0.8507,-0.2142,0,0.2975,0.3875,0.8725,0,0.1775,3.5621,0,1]},
{"frame":5,"values":[0.7697,0.3878,-0.5072,0,-0.5468,0.8104,-0.2102,0,0.3296,0.4391,0.8358,0,0.1775,3.5621,0,1]},
{"frame":6,"values":[0.7502,0.4347,-0.4982,0,-0.579,0.7957,-0.1776,0,0.3192,0.4217,0.8487,0,0.1775,3.5621,0,1]},
{"frame":7,"values":[0.7719,0.4343,-0.4643,0,-0.5597,0.8106,-0.1723,0,0.3015,0.3928,0.8688,0,0.1775,3.5621,0,1]},
{"frame":8,"values":[0.7966,0.4193,-0.4355,0,-0.5316,0.8288,-0.1744,0,0.2878,0.3705,0.8831,0,0.1775,3.5621,0,1]},
{"frame":9,"values":[0.817,0.3988,-0.4165,0,-0.5042,0.8445,-0.1805,0,0.2798,0.3574,0.891,0,0.1775,3.5621,0,1]},
{"frame":10,"values":[0.834,0.3749,-0.4049,0,-0.4778,0.8577,-0.1898,0,0.2761,0.3517,0.8945,0,0.1775,3.5621,0,1]},
{"frame":11,"values":[0.8488,0.3435,-0.402,0,-0.4495,0.869,-0.2067,0,0.2783,0.3561,0.892,0,0.1775,3.5621,0,1]},
{"frame":12,"values":[0.8922,0.2543,-0.3732,0,-0.3588,0.901,-0.2438,0,0.2743,0.3514,0.8951,0,0.1775,3.5621,0,1]},
{"frame":13,"values":[0.9094,0.2205,-0.3527,0,-0.3188,0.9141,-0.2504,0,0.2672,0.3402,0.9016,0,0.1776,3.5621,0,1]},
{"frame":14,"values":[0.9203,0.2,-0.3363,0,-0.2922,0.9229,-0.2507,0,0.2603,0.329,0.9078,0,0.1775,3.5621,0,1]},
{"frame":15,"values":[0.9323,0.1743,-0.3169,0,-0.2595,0.9328,-0.2502,0,0.252,0.3155,0.9148,0,0.1775,3.5621,0,1]},
{"frame":16,"values":[0.9314,0.1776,-0.3176,0,-0.2626,0.9322,-0.2489,0,0.2519,0.3152,0.915,0,0.1775,3.5621,0,1]},
{"frame":17,"values":[0.9276,0.1878,-0.3229,0,-0.2742,0.9293,-0.2473,0,0.2536,0.318,0.9135,0,0.1775,3.5621,0,1]},
{"frame":18,"values":[0.9155,0.2154,-0.3397,0,-0.307,0.9198,-0.2443,0,0.2599,0.328,0.9082,0,0.1775,3.5621,0,1]},
{"frame":19,"values":[0.8928,0.2673,-0.3625,0,-0.3635,0.9028,-0.2298,0,0.2658,0.3369,0.9032,0,0.1775,3.5621,0,1]},
{"frame":20,"values":[0.8621,0.3728,-0.3432,0,-0.4455,0.8803,-0.163,0,0.2413,0.2934,0.925,0,0.1775,3.5621,0,1]},
{"frame":21,"values":[0.8582,0.396,-0.3267,0,-0.4591,0.8767,-0.1433,0,0.2297,0.2729,0.9342,0,0.1775,3.5621,0,1]},
{"frame":22,"values":[0.8539,0.3735,-0.3623,0,-0.4552,0.8736,-0.1721,0,0.2523,0.3119,0.916,0,0.1775,3.5621,0,1]},
{"frame":31,"values":[0.9871,-0.1603,-0.001,0,0.1603,0.9871,-0.0001,0,0.001,0,1,0,0.1775,3.5621,0,1]},
{"frame":32,"values":[0.9871,-0.1603,-0.001,0,0.1603,0.9871,-0.0001,0,0.001,0,1,0,0.1775,3.5621,0,1]}],"loopBehavior":1,"name":"anim","property":"_matrix"}},
{"name":"mixamorig1:LeftHandThumb4","index":14,"matrix":[1,0,0,0,0,1,0,0,0,0,1,0,-0.3092,2.7681,0,1],"rest":[1,0,0,0,0,1,0,0,0,0,1,0,-0.3092,2.7681,0,1],"parentBoneIndex":13,"length":2.7853
